84    692    693
74    703    73
696    81    695
679    692    678
78    699    77
678    664    665
699    686    700
698    685    699
649    88    89
680    666    667
653    666    652
664    677    663
692    679    693
651    664    650
667    653    654
648    3    67
55    646    645
647    53    648
646    54    647
644    56    645
3    648    53
53    647    54
57    644    643
58    642    59
55    645    56
635    65    636
64    636    65
154    832    833
152    835    151
832    818    833
841    826    827
828    842    827
822    836    821
800    814    799
814    829    828
807    793    808
815    800    801
844    830    86
837    822    823
154    833    153
828    813    814
826    840    825
810    824    809
813    799    814
153    834    152
791    776    777
784    799    798
784    798    783
130    788    787
132    786    785
133    785    784
134    784    783
140    778    777
141    777    776
775    161    9
815    801    816
788    129    90
131    787    786
782    135    783
781    136    782
136    781    137
138    779    139
800    786    801
777    792    791
87    86    830
1046    240    241
1054    233    1053
235    1051    1052
242    1045    241
997    183    182
243    1044    242
1043    244    1042
245    1042    244
186    994    993
1048    1033    1034
1031    1016    1017
1025    1011    1026
1008    1023    1022
1015    1029    1014
1027    1013    1028
1011    1025    1010
1005    1020    1019
1006    1021    1020
1006    992    1007
1001    1002    1016
1000    1014    999
1027    1041    229
244    1043    243
1035    1050    1049
239    1047    1048
1004    1018    1003
194    985    13
193    986    194
991    188    992
996    184    183
994    185    995
192    987    193
190    989    191
188    991    189
1023    1009    1024
992    187    993
181    9    161
58    1068    57
1159    1163    248
1162    1163    1158
1172    1155    1167
1178    1172    1171
1181    1160    136
1177    1176    271
1167    1155    1162
1161    1167    1162
1158    1159    1179
1156    1159    247
137    138    1164
1166    1171    1167
1170    1176    1177
249    1172    250
4    1156    247
4    129    1156
1171    1172    1167
1182    1157    134
132    1179    131
1168    1164    1180
1169    1164    1168
141    1173    1180
1206    193    194
275    276    1183
270    271    1188
1281    1282    1277
275    1282    1274
1296    1297    1290
1289    1296    1290
1285    1290    1286
1289    1288    1295
1280    1285    1286
301    1298    300
1277    1278    1301
254    1292    3
1274    1282    1281
1283    306    307
1302    1276    302
302    303    1302
1276    1280    1281
252    1295    253
253    1294    1293
275    1274    276
1302    1280    1276
1287    1283    1300
305    1299    304
308    1300    307
1293    1287    1300
309    1292    1300
1293    1292    254
1288    1283    1287
306    1283    305
1283    1299    305
416    415    389
1356    1358    1355
1357    389    390
1355    1358    1357
386    1357    385
1357    1358    385
1349    393    394
330    1348    1346
1350    1352    1349
404    403    401
1348    329    1350
1347    1349    394
394    410    395
393    411    394
1337    1340    1339
1338    1335    1336
1354    1356    1353
389    415    390
392    412    393
391    413    392
1351    1353    392
396    409    408
1348    330    329
1345    1347    395
1333    402    1331
395    409    396
328    1350    329
406    405    399
333    1340    334
1336    1334    336
331    1344    332
1343    396    397
332    1342    333
1337    399    400
1371    1374    1373
1365    474    1363
1361    1359    1362
474    1365    473
447    446    1382
1376    449    1378
1368    1367    1365
1362    1360    457
155    463    156
155    154    464
152    151    467
149    148    470
456    1362    457
458    1360    460
1367    472    473
451    1374    1372
1364    455    1366
1425    1426    1427
1429    1428    1430
1426    503    1428
388    522    19
507    1418    508
1421    1422    1423
1437    510    511
1429    1430    1431
1416    508    1418
1419    519    520
1602    410    411
1597    416    71
1578    1593    1592
1571    1585    1570
1566    1581    1580
1591    1577    1592
1553    1567    1552
1564    1579    1578
1579    1565    1580
1564    1563    1549
1573    1559    1574
1573    1558    1559
1557    1558    1572
1554    298    297
1608    405    1607
309    1542    310
1546    1560    1545
1550    301    1551
1564    1550    1565
16    1610    228
1610    403    1609
407    1606    406
1592    1606    1591
1607    1592    1593
1581    1567    1582
1570    1556    1571
1576    1590    1575
1562    1576    1561
1578    1592    1577
1609    1595    1610
406    1607    405
1595    1609    1594
1560    1574    1559
1562    1561    1547
1552    299    1553
1548    303    1549
301    1550    302
1594    1608    1593
1603    1588    1589
72    5    592
81    80    583
592    386    1666
1665    1666    385
590    1664    1662
590    591    1664
1662    1664    1663
1660    1662    1661
588    589    1660
588    75    589
587    588    1658
586    1656    1654
586    587    1656
1654    1656    1655
589    74    590
1659    595    596
584    585    1652
1651    599    600
583    80    584
1647    1648    1649
1649    600    601
1641    1642    1643
605    1641    604
1639    1641    605
460    459    1639
460    606    33
73    72    591
74    73    590
592    27    386
76    75    588
1665    22    593
1650    584    1652
79    78    585
80    79    584
1643    1644    1645
1644    581    1646
604    1643    603
6    85    35
1639    1640    1641
35    85    579
35    579    1640
82    81    582
663    677    87
665    679    678
694    680    681
656    669    655
700    76    77
82    694    695
84    85    692
701    75    76
704    72    73
702    74    75
696    682    683
697    683    684
693    679    680
692    691    678
85    691    692
86    87    677
687    686    673
83    693    694
85    6    691
687    673    674
654    640    641
665    651    652
649    635    636
655    669    668
683    669    670
643    642    58
638    637    63
639    638    62
637    636    64
90    4    66
643    58    57
640    639    61
641    640    60
651    637    638
639    62    61
666    680    679
638    63    62
637    64    63
667    681    680
688    702    701
843    143    144
831    155    156
837    149    150
811    826    825
160    803    159
159    817    158
835    152    834
161    789    160
790    791    805
791    792    806
791    806    805
779    794    793
823    838    837
796    797    811
844    6    143
844    143    843
838    148    149
824    839    838
817    831    158
822    837    836
806    807    821
157    156    11
815    830    829
816    87    830
812    826    811
825    824    810
795    780    781
819    834    833
790    805    804
805    820    819
775    790    789
827    826    812
806    821    820
791    790    776
788    90    89
802    801    787
800    799    785
779    778    139
160    789    803
782    796    781
161    775    789
781    780    137
1053    234    1052
1035    1049    1034
1050    236    237
1048    1034    1049
1046    1032    1047
1047    1032    1033
1031    1032    1046
1029    1030    1044
228    1041    246
1029    1043    1028
1028    1043    1042
1053    1039    1054
1023    1038    1037
1021    1036    1035
1048    1047    1033
1046    1045    1031
1019    1034    1033
1018    1033    1032
1030    1031    1045
1030    1015    1016
1013    1014    1028
1017    1032    1031
1022    1021    1007
1017    1018    1032
1000    1015    1014
999    1014    1013
996    1011    1010
996    1010    995
1009    1010    1024
1008    993    994
1003    1018    1017
1006    1005    991
1004    990    1005
1003    1017    1002
1002    1017    1016
181    161    998
1020    1034    1019
1009    994    995
1024    1025    1039
995    1010    1009
1003    989    1004
190    990    989
986    1001    1000
985    194    986
1041    1042    245
229    1041    228
1027    230    1013
1051    235    236
1041    245    246
1028    1014    1029
1030    1045    1044
230    1027    229
1028    1042    1027
992    993    1007
158    1040    1026
994    1009    1008
1004    989    990
988    192    191
191    989    988
990    190    189
1012    160    159
997    1011    996
1006    991    992
1025    1026    1040
997    998    1012
228    246    16
235    1052    234
65    1056    64
248    1078    247
1055    1075    248
273    272    1174
1163    1155    248
1163    1162    1155
1155    1172    249
1178    270    17
1178    1177    270
1182    1160    1161
1166    1167    1161
140    141    1180
1157    1179    132
1161    1162    1157
1170    1171    1166
1159    248    247
1160    1166    1161
1157    1162    1158
1179    1156    130
1179    130    131
1156    129    130
1182    1161    1157
1165    1164    1169
1182    134    135
1173    141    142
1173    1174    1180
1173    273    1174
1155    249    248
1157    132    133
1163    1159    1158
1165    1169    1170
1169    1176    1170
137    1164    1181
1160    135    136
1165    1170    1166
1157    1158    1179
1164    138    139
1164    139    1180
1181    136    137
1174    272    1175
1169    1175    1176
1169    1168    1175
1178    17    250
1160    1165    1166
1185    1186    272
272    1186    1187
1183    1202    275
193    1206    192
274    1205    1206
1278    275    274
1284    1288    1289
1291    1297    277
1297    17    277
1294    253    1295
304    1279    303
1296    252    251
1289    1290    1285
302    1276    301
1276    1281    1277
1279    1280    1302
1276    1277    1298
1277    1301    1298
1298    1301    300
1278    274    1275
1278    1277    1282
1300    308    309
1288    1294    1295
303    1279    1302
1284    1283    1288
301    1276    1298
1275    13    297
1301    298    299
1275    274    13
1279    1284    1285
1279    1285    1280
1295    1296    1289
1278    1282    275
1291    1286    1290
1284    1299    1283
1279    1299    1284
1301    299    300
1301    1275    298
1291    277    276
1274    1281    1286
1279    304    1299
1284    1289    1285
1288    1287    1294
1358    325    22
1357    390    1355
414    391    390
1356    1354    326
390    391    1355
1355    391    1353
416    27    5
391    392    1353
1352    1351    1349
389    1357    386
1351    393    1349
1352    1350    328
1350    1349    1347
1351    1352    1354
327    1352    328
1348    1347    1345
408    397    396
1348    1345    1346
407    398    397
395    396    1345
406    399    398
405    400    399
397    398    1341
400    1335    1337
1336    1335    1333
1333    401    402
1335    401    1333
338    1332    388
28    387    1331
16    28    402
1331    402    28
1354    1353    1351
1354    1352    327
1356    1355    1353
392    393    1351
403    402    401
1332    338    337
388    19    338
1346    331    330
400    405    404
1363    1366    1365
1361    475    476
1359    35    459
447    1382    1380
448    1380    1378
450    1376    1374
1370    1368    453
1363    474    475
156    463    36
445    1386    1384
458    457    1360
473    472    146
147    146    472
1367    1368    1370
1364    1366    1363
1369    472    1367
476    1359    1361
515    1427    1429
1437    1439    510
1434    1435    1433
1433    512    513
1435    1437    511
521    1417    520
501    502    239
239    502    240
1424    1425    1423
1424    1422    505
1417    1418    1419
1415    522    388
1440    1441    1439
1436    1437    1435
503    1426    504
241    503    504
245    507    508
508    1416    28
1604    1590    1605
1587    1602    1601
1585    1600    1599
413    414    1599
229    1596    1582
1604    1605    408
1573    1588    1587
1573    1574    1588
1572    1587    1586
1596    1595    1581
230    1582    1568
1585    1584    1570
1564    1549    1550
1576    1591    1590
232    297    13
298    1554    1553
231    1568    1554
1548    304    303
1547    305    304
307    1545    1544
304    1548    1547
1545    307    306
1544    308    307
309    308    1543
1541    310    1542
1541    3    310
309    1543    1542
306    305    1546
1562    1547    1548
1549    1563    1548
1608    1609    404
1556    1570    1555
1604    409    1603
1604    408    409
1602    1603    410
1587    1588    1602
1597    70    1583
69    1569    1583
1555    67    1541
1595    1594    1580
1605    1606    407
1603    409    410
1577    1591    1576
1548    1563    1562
306    1546    1545
1608    404    405
1563    1578    1577
1553    1568    1567
1609    403    404
1571    1586    1585
1594    1593    1579
1605    407    408
385    22    1665
592    1666    591
1666    1665    1664
27    592    5
1665    1663    1664
1663    1665    593
594    1663    593
592    591    72
590    1662    589
1660    1659    1658
1661    595    1659
1657    596    597
1658    1657    1656
1655    597    598
586    1654    585
1654    1653    1652
1652    1651    1650
1656    1657    1655
1651    600    1649
584    1650    583
1650    1649    1648
1647    1649    601
1648    1647    1646
1647    602    1645
1648    1646    582
1643    1645    603
1644    1643    1642
1642    1641    1640
1639    605    606
595    1661    594
74    589    75
1659    1657    1658
1663    1661    1662
598    599    1653
1653    1651    1652
1650    1651    1649
582    1646    581
1643    604    1641
580    1642    579
1644    1642    580
460    1639    606
77    699    700
698    684    685
703    702    689
649    650    663
666    679    665
669    682    668
672    686    685
674    688    687
688    674    675
90    635    89
655    668    654
670    656    657
671    657    658
5    72    71
71    72    704
82    695    81
83    694    82
83    84    693
71    704    70
702    75    701
70    704    690
702    703    74
690    703    689
79    698    78
697    684    698
693    680    694
704    73    703
69    690    676
676    689    675
701    76    700
686    672    673
701    700    687
684    671    685
683    670    684
695    682    696
81    696    80
681    695    694
654    668    667
677    664    678
703    690    704
689    676    690
676    68    69
70    690    69
675    662    676
672    659    673
660    674    673
671    658    672
670    671    684
659    672    658
696    683    697
655    641    642
666    653    667
664    651    665
668    681    667
648    662    661
675    689    688
675    674    661
659    660    673
672    685    671
656    642    643
656    643    657
655    642    656
670    657    671
651    638    652
638    639    652
663    88    649
61    60    640
663    87    88
674    660    661
659    646    660
659    658    645
657    644    658
654    641    655
653    640    654
650    637    651
642    641    59
80    697    79
662    675    661
661    647    648
68    662    67
647    661    660
686    699    685
662    68    676
659    645    646
658    644    645
660    646    647
657    643    644
656    670    669
665    652    666
688    689    702
700    686    687
687    688    701
67    662    648
818    832    817
154    155    832
837    838    149
842    843    144
832    831    817
150    836    837
838    839    148
823    824    838
824    825    839
831    157    158
835    834    820
824    823    809
827    813    828
816    88    87
815    829    814
815    816    830
804    789    790
778    792    777
794    779    780
793    807    792
794    808    793
786    787    801
833    834    153
831    832    155
840    841    146
835    836    151
834    819    820
835    820    821
159    803    817
840    826    841
796    810    795
798    797    783
844    86    6
775    776    790
804    818    803
819    833    818
814    800    815
795    810    809
785    799    784
795    794    780
783    797    782
129    4    90
135    134    783
129    788    130
130    787    131
131    786    132
132    785    133
796    782    797
133    784    134
840    839    825
822    821    807
836    835    821
795    809    794
136    135    782
841    842    145
1045    1046    241
1044    1045    242
1054    1040    157
1053    1052    1038
1044    1043    1029
1023    1024    1038
1035    1020    1021
1018    1019    1033
1020    1035    1034
1025    1024    1010
1026    1012    159
1047    240    1046
999    985    1000
1002    1001    987
996    183    997
995    184    996
185    184    995
187    186    993
999    231    232
1043    1044    243
1019    1018    1004
240    1047    239
1021    1022    1036
1054    157    11
999    1013    231
1002    988    1003
185    994    186
232    13    985
987    986    193
988    987    192
991    990    189
188    187    992
181    998    182
238    1049    237
1078    1056    247
1064    1070    1065
1069    1072    1073
1069    1064    1063
1069    1070    1064
1069    1073    1070
61    1082    60
1073    1082    1076
1076    63    1079
1077    1056    1078
63    64    1079
1061    1062    251
1060    1065    1066
1063    1058    1084
66    4    247
1080    59    1083
59    1080    58
1083    1072    1080
1061    252    1060
249    1055    248
250    1067    249
1061    251    252
1066    1067    1061
1062    17    251
250    1062    1067
1057    1058    254
17    1062    250
1067    1062    1061
61    62    1076
1082    61    1076
1082    1083    60
59    60    1083
1083    1082    1072
1057    3    53
56    1084    55
1081    57    1068
1084    54    55
1072    1069    1080
1063    1084    1081
1069    1063    1068
1068    58    1080
1073    1076    1077
1077    1079    1056
1077    1076    1079
66    1056    65
62    63    1076
1059    1064    1065
1066    1061    1060
1071    1065    1070
1055    1067    1066
1074    1071    1070
249    1067    1055
1075    1071    1074
1065    1071    1066
248    1075    1078
1078    1075    1074
1077    1074    1073
1075    1055    1071
1060    1059    1065
1074    1077    1078
66    247    1056
1074    1070    1073
1063    1081    1068
56    57    1081
1060    253    1059
1064    1058    1063
1081    1084    56
1055    1066    1071
54    1084    1057
1058    1057    1084
54    1057    53
254    3    1057
1059    1058    1064
1082    1073    1072
1056    1079    64
253    254    1058
1172    1178    250
1171    1177    1178
142    9    1173
1198    1201    1202
1204    1205    1201
1192    1197    1198
1211    1210    187
13    274    194
1184    273    9
1200    1203    1204
1196    1200    1197
1208    1211    188
186    1195    185
1209    1212    184
1212    183    184
1193    1188    1187
1193    1192    1198
1212    1190    1185
1194    1189    1188
1189    1194    277
1210    1195    186
185    1195    1209
1199    1196    1210
1192    1187    1186
1188    271    1187
1194    276    277
1194    1193    1183
1194    1188    1193
1187    271    272
1193    1198    1183
189    1208    188
190    1203    189
189    1203    1208
183    1212    182
1184    9    181
1185    273    1184
1212    1184    182
182    1184    181
1185    1184    1212
1195    1190    1209
1199    1210    1211
1211    1208    1199
1208    1200    1199
188    1211    187
190    191    1203
1206    1205    1204
1204    1203    1207
1210    186    187
1192    1193    1187
1202    1183    1198
1189    277    17
274    1206    194
1207    191    192
1205    1202    1201
1204    1201    1200
1201    1198    1197
1197    1200    1201
1199    1200    1196
17    270    1189
1190    1195    1196
191    1207    1203
1190    1212    1209
1186    1185    1191
184    185    1209
1191    1196    1197
273    1185    272
1186    1191    1192
1205    274    275
1195    1210    1196
1206    1207    192
1207    1206    1204
1196    1191    1190
1208    1203    1200
1283    307    1300
310    3    1292
1297    1296    251
1348    1350    1347
1345    1343    1346
412    411    393
1342    1344    1341
1340    1342    1339
1339    1341    398
1341    1343    397
1344    1343    1341
1337    1339    399
1342    1341    1339
400    401    1335
1336    336    335
389    27    416
325    1356    326
1344    1346    1343
1338    1340    1337
1334    1336    1333
1332    1331    387
388    1332    387
397    408    407
1343    1345    396
1373    1376    1375
473    146    145
1364    1363    1361
459    1360    1359
34    461    1386
463    464    1385
1384    1383    1381
1382    1381    1379
1380    1379    1377
449    1376    450
1378    1377    1375
450    1374    451
452    1372    1370
452    1370    453
1366    455    454
143    6    476
144    143    475
476    475    143
153    152    466
1386    445    34
462    1385    461
36    463    462
462    463    1385
153    465    154
1380    1382    1379
1385    1383    1386
153    466    465
1381    465    466
1383    465    1381
1380    448    447
1378    1380    1377
1379    466    467
464    465    1383
1379    1381    466
468    469    1375
1377    1379    467
448    1378    449
150    149    469
1375    469    1373
150    468    151
471    470    148
470    1371    1373
1373    469    470
453    1368    454
148    147    471
1367    473    1365
454    1368    1366
1366    1368    1365
474    145    144
36    11    156
1384    446    445
1375    1377    468
452    451    1372
33    458    460
1377    467    468
468    150    469
1385    464    1383
1362    1364    1361
152    467    466
461    34    1441
1436    1438    1437
1434    1436    1435
1431    1433    513
1429    1431    514
1432    1434    1433
1430    1432    1431
1427    1426    1428
1421    1420    1422
1420    1418    507
1417    1416    1418
244    506    507
1419    520    1417
1425    517    1423
238    237    500
1438    1440    1439
1433    1435    512
461    1441    1442
495    36    462
1440    1442    1441
1440    496    1442
509    1441    34
1442    496    495
497    1438    498
496    497    234
462    1442    495
1438    1436    498
496    1440    497
1439    1437    1438
1434    499    1436
1436    499    498
235    234    497
1432    1430    501
511    512    1435
1434    1432    500
1430    1428    502
514    1431    513
514    515    1429
501    1430    502
1425    1427    516
499    1434    500
516    517    1425
517    518    1423
522    1415    521
518    519    1421
502    503    240
1421    1423    518
521    1415    1417
243    506    244
1415    388    387
241    240    503
245    244    507
234    233    496
36    495    11
1442    462    461
233    495    496
515    516    1427
235    498    236
237    236    499
497    498    235
1440    1438    497
499    236    498
1433    1431    1432
500    237    499
501    238    500
238    501    239
242    241    504
505    242    504
503    502    1428
1426    1424    504
1421    1419    1420
506    505    1422
243    242    505
500    1432    501
233    11    495
246    245    508
1589    1575    1590
1599    1600    413
1571    1572    1586
1565    1566    1580
1579    1593    1578
1562    1563    1577
1550    1551    1565
1561    1560    1546
1575    1574    1560
1559    1558    1544
1558    1557    1543
299    298    1553
301    300    1551
1577    1576    1562
1561    1575    1560
1544    1543    308
1560    1559    1545
303    302    1549
415    416    1597
1596    229    228
1606    1592    1607
412    1600    1601
1597    71    70
1570    1569    1555
1598    1599    414
1589    1604    1603
403    1610    16
67    3    1541
68    67    1555
1550    1549    302
1547    1546    305
299    1552    300
1573    1572    1558
1606    1605    1591
1557    1556    1542
1588    1603    1602
587    77    76
1661    1659    1660
1657    1659    596
1655    1657    597
1653    1655    598
1655    1653    1654
1650    1648    583
586    585    78
603    1645    602
580    579    84
1640    459    35
591    590    73
587    586    77
1645    1644    1646
583    582    81
581    580    83
585    584    79
588    587    76
582    581    82
1647    1645    1646
86    677    691
681    668    682
678    691    677
650    664    663
640    653    639
78    698    699
698    79    697
682    695    681
682    669    683
639    653    652
66    65    635
641    60    59
635    649    89
646    55    54
66    635    90
644    57    56
636    650    649
691    6    86
697    80    696
637    650    636
147    840    146
145    842    144
822    807    808
842    841    827
806    792    807
808    794    809
813    798    799
803    789    804
803    818    817
792    778    793
147    839    840
156    157    831
151    836    150
810    796    811
804    805    819
816    801    802
793    778    779
820    805    806
778    140    139
813    812    798
818    804    819
88    802    89
795    781    796
148    839    147
777    141    140
816    802    88
775    9    142
146    841    145
843    829    844
829    830    844
842    828    843
828    829    843
779    138    780
138    137    780
788    89    802
802    787    788
800    785    786
775    142    776
142    141    776
822    808    823
808    809    823
827    812    813
825    810    811
811    797    812
797    798    812
157    1040    158
238    1048    1049
1053    1038    1039
1050    1035    1036
1022    1037    1036
1020    1005    1006
1000    1001    1015
1012    998    160
160    998    161
1026    1011    1012
237    1049    1050
1021    1006    1007
1005    990    991
1003    988    989
1002    987    988
231    1013    230
1023    1008    1009
993    1008    1007
1001    986    987
1000    985    986
234    1053    233
236    1050    1051
1042    1041    1027
1029    1015    1030
1054    1039    1040
1007    1008    1022
1030    1016    1031
1048    238    239
1015    1001    1016
1019    1004    1005
1054    11    233
997    182    998
999    232    985
1037    1022    1023
1025    1040    1039
1038    1024    1039
1051    1037    1052
1037    1038    1052
1050    1036    1051
1036    1037    1051
158    1026    159
997    1012    1011
252    253    1060
1080    1069    1068
1059    253    1058
271    1176    272
1177    1171    1170
1177    271    270
1159    1156    1179
1160    1181    1165
1175    272    1176
1182    135    1160
139    140    1180
134    1157    133
273    1173    9
1168    1180    1174
1168    1174    1175
1165    1181    1164
276    1194    1183
1188    1189    270
1205    275    1202
1191    1197    1192
1185    1190    1191
1274    1286    1291
1291    276    1274
1297    1291    1290
1295    252    1296
1275    297    298
1278    1275    1301
1297    251    17
1286    1281    1280
1293    254    253
1292    309    310
1292    1293    1300
1287    1293    1294
1358    1356    325
413    391    414
412    392    413
1346    1344    331
414    390    415
399    1339    398
1334    1331    1332
389    386    27
406    398    407
394    395    1347
1358    22    385
409    395    410
1342    1340    333
1338    1336    335
1340    1338    334
1337    1335    1338
1334    337    336
400    404    401
410    394    411
1334    1332    337
1333    1331    1334
1354    327    326
1338    335    334
403    16    402
1344    1342    332
1378    1375    1376
35    1359    476
471    472    1369
1371    1369    1372
471    1371    470
472    471    147
1370    1369    1367
1385    1386    461
1372    1369    1370
1364    456    455
1362    456    1364
467    151    468
1383    1384    1386
149    470    469
1373    1374    1376
1374    1371    1372
1371    471    1369
1359    1360    1362
1360    459    460
476    6    35
1363    475    1361
464    154    465
1382    446    1384
463    155    464
1384    1381    1382
473    145    474
475    474    144
1419    1421    519
505    506    243
1422    1424    1423
1420    1419    1418
1415    387    1416
509    1439    1441
510    1439    509
1428    1429    1427
504    1424    505
1425    1424    1426
28    1416    387
1420    506    1422
507    506    1420
508    28    246
28    16    246
1417    1415    1416
412    1601    411
413    1600    412
1598    414    415
1596    1610    1595
1589    1574    1575
1601    1602    411
1601    1586    1587
1587    1572    1573
1585    1599    1584
1584    1599    1598
1570    1584    1569
1582    1567    1568
1561    1576    1575
1571    1556    1557
1584    1583    1569
1581    1566    1567
1578    1563    1564
1579    1564    1565
1561    1546    1547
1559    1544    1545
1558    1543    1544
1553    1554    1568
1554    297    232
1566    1552    1567
1566    1565    1551
1571    1557    1572
1556    1541    1542
1541    1556    1555
1588    1574    1589
1610    1596    228
1600    1586    1601
1596    1581    1582
5    71    416
70    69    1583
1590    1591    1605
69    68    1569
1597    1583    1598
68    1555    1569
231    1554    232
1608    1607    1593
1609    1608    1594
1566    1551    1552
1557    1542    1543
1551    300    1552
1590    1604    1589
1600    1585    1586
415    1597    1598
1583    1584    1598
1607    406    1606
229    1582    230
230    1568    231
1595    1580    1581
1594    1579    1580
77    586    78
84    579    85
1666    1664    591
386    385    1666
1660    1658    588
1662    1660    589
1651    1653    599
585    1654    1652
1647    601    602
1648    582    583
1644    580    581
594    1661    1663
1658    1656    587
82    581    83
1640    1639    459
83    580    84
579    1642    1640