21
22
26
27
30
31
35
36
376
377
378
379
380
381
382
383
384
385
386
387
388
389
390
391
392
393
394
395
396
397
398
399
400
401
402
403
464
465
466
467
468
469
470
471
472
473
474
475
476
477
478
479
480
481
482
483
484
485
486
487
488
489
490
491
538
539
540
541
542
543
544
545
546
547
548
549
550
551
552
553
554
555
556
557
558
559
560
561
562
563
564
565
626
627
628
629
630
631
632
633
634
635
636
637
638
639
654
655
656
657
658
659
660
661
662
663
664
665
666
667
7957
7958
7963
7965
7989
7992
7994
8015
8018
8020
8041
8044
8046
8067
8070
8072
8093
8096
8098
8119
8122
8124
8145
8148
8150
8171
8174
8176
8197
8200
8202
8223
8226
8228
8249
8252
8254
8275
8278
8280
8301
8304
8306
8327
8330
8332
8353
8356
8358
8379
8382
8384
8405
8408
8410
8431
8434
8436
8457
8460
8462
8483
8486
8488
8509
8512
8514
8535
8538
8540
8561
8564
8566
8587
8590
8592
8613
8616
8618
8639
8642
8644
8665
8668
8670
8691
8694
8696
8717
8720
8722
8743
8746
8748
8769
8772
8774
8795
8798
8800
8821
8824
8826
8847
8850
8852
8873
8876
8878
8899
8902
8904
8925
8928
8930
8951
8954
8956
8977
8980
8982
9003
9006
9008
9029
9032
9034
9055
9058
9060
9081
9084
9086
9107
9110
9112
9133
9136
9138
9159
9162
9164
9185
9188
9190
9211
9214
9216
9237
9240
9242
9263
9266
9268
9289
9292
9294
9315
9318
9320
9341
9344
9346
9367
9370
9372
9393
9396
9398
9419
9422
9424
9445
9448
9450
9471
9474
9476
9487
9489