254    1754    330    13    7672    7673    7063    4442
1754    1755    331    330    7675    7676    7059    7673
1755    1756    332    331    7678    7679    7054    7676
1756    1757    333    332    7681    7682    7049    7679
1757    1758    334    333    7684    7685    7044    7682
1758    1759    335    334    7687    7688    7039    7685
1759    1760    336    335    7690    7691    7032    7688
1760    1761    337    336    7693    7694    7100    7691
1761    1762    338    337    7696    7697    7096    7694
1762    1763    339    338    7699    7700    7091    7697
1763    1764    340    339    7702    7703    7086    7700
1764    1765    341    340    7705    7706    7081    7703
1765    1766    342    341    7708    7709    7076    7706
1766    1767    343    342    7711    7712    7071    7709
1767    113    3    343    7714    2827    7066    7712
253    1768    1754    254    7715    7716    7672    4562
1768    1769    1755    1754    7718    7719    7675    7716
1769    1770    1756    1755    7721    7722    7678    7719
1770    1771    1757    1756    7724    7725    7681    7722
1771    1772    1758    1757    7727    7728    7684    7725
1772    1773    1759    1758    7730    7731    7687    7728
1773    1774    1760    1759    7733    7734    7690    7731
1774    1775    1761    1760    7736    7737    7693    7734
1775    1776    1762    1761    7739    7740    7696    7737
1776    1777    1763    1762    7742    7743    7699    7740
1777    1778    1764    1763    7745    7746    7702    7743
1778    1779    1765    1764    7748    7749    7705    7746
1779    1780    1766    1765    7751    7752    7708    7749
1780    1781    1767    1766    7754    7755    7711    7752
1781    112    113    1767    7757    2952    7714    7755
252    1782    1768    253    7758    7759    7715    4682
1782    1783    1769    1768    7761    7762    7718    7759
1783    1784    1770    1769    7764    7765    7721    7762
1784    1785    1771    1770    7767    7768    7724    7765
1785    1786    1772    1771    7770    7771    7727    7768
1786    1787    1773    1772    7773    7774    7730    7771
1787    1788    1774    1773    7776    7777    7733    7774
1788    1789    1775    1774    7779    7780    7736    7777
1789    1790    1776    1775    7782    7783    7739    7780
1790    1791    1777    1776    7785    7786    7742    7783
1791    1792    1778    1777    7788    7789    7745    7786
1792    1793    1779    1778    7791    7792    7748    7789
1793    1794    1780    1779    7794    7795    7751    7792
1794    1795    1781    1780    7797    7798    7754    7795
1795    111    112    1781    7800    3077    7757    7798
251    1796    1782    252    7801    7802    7758    4802
1796    1797    1783    1782    7804    7805    7761    7802
1797    1798    1784    1783    7807    7808    7764    7805
1798    1799    1785    1784    7810    7811    7767    7808
1799    1800    1786    1785    7813    7814    7770    7811
1800    1801    1787    1786    7816    7817    7773    7814
1801    1802    1788    1787    7819    7820    7776    7817
1802    1803    1789    1788    7822    7823    7779    7820
1803    1804    1790    1789    7825    7826    7782    7823
1804    1805    1791    1790    7828    7829    7785    7826
1805    1806    1792    1791    7831    7832    7788    7829
1806    1807    1793    1792    7834    7835    7791    7832
1807    1808    1794    1793    7837    7838    7794    7835
1808    1809    1795    1794    7840    7841    7797    7838
1809    110    111    1795    7843    3202    7800    7841
250    1810    1796    251    7844    7845    7801    4922
1810    1811    1797    1796    7847    7848    7804    7845
1811    1812    1798    1797    7850    7851    7807    7848
1812    1813    1799    1798    7853    7854    7810    7851
1813    1814    1800    1799    7856    7857    7813    7854
1814    1815    1801    1800    7859    7860    7816    7857
1815    1816    1802    1801    7862    7863    7819    7860
1816    1817    1803    1802    7865    7866    7822    7863
1817    1818    1804    1803    7868    7869    7825    7866
1818    1819    1805    1804    7871    7872    7828    7869
1819    1820    1806    1805    7874    7875    7831    7872
1820    1821    1807    1806    7877    7878    7834    7875
1821    1822    1808    1807    7880    7881    7837    7878
1822    1823    1809    1808    7883    7884    7840    7881
1823    109    110    1809    7886    3327    7843    7884
15    358    1810    250    7887    7888    7844    5042
358    359    1811    1810    7890    7891    7847    7888
359    360    1812    1811    7893    7894    7850    7891
360    361    1813    1812    7896    7897    7853    7894
361    362    1814    1813    7899    7900    7856    7897
362    363    1815    1814    7902    7903    7859    7900
363    364    1816    1815    7905    7906    7862    7903
364    365    1817    1816    7908    7909    7865    7906
365    366    1818    1817    7911    7912    7868    7909
366    367    1819    1818    7914    7915    7871    7912
367    368    1820    1819    7917    7918    7874    7915
368    369    1821    1820    7920    7921    7877    7918
369    370    1822    1821    7923    7924    7880    7921
370    371    1823    1822    7926    7927    7883    7924
371    7    109    1823    7929    3452    7886    7927
261    3    54    1192    5046    2826    5047    5048
1192    54    55    1193    5047    2821    5053    5054
1193    55    56    1194    5053    2816    5058    5059
1194    56    57    1195    5058    2811    5063    5064
1195    57    58    1196    5063    2806    5068    5069
1196    58    59    1197    5068    2801    5073    5074
1197    59    60    1198    5073    2796    5078    5079
1198    60    61    1199    5078    2791    5083    5084
61    62    1200    1199    2786    5088    5089    5083
62    63    1201    1200    2781    5093    5094    5088
63    64    1202    1201    2776    5098    5099    5093
64    65    1203    1202    2771    5103    5104    5098
65    66    1204    1203    2766    5108    5109    5103
66    67    1205    1204    2761    5113    5114    5108
67    4    262    1205    2754    5118    5119    5113
262    263    1206    1205    5124    5125    5126    5119
263    264    1207    1206    5132    5133    5134    5125
264    265    1208    1207    5140    5141    5142    5133
265    266    1209    1208    5148    5149    5150    5141
266    267    1210    1209    5156    5157    5158    5149
267    268    1211    1210    5164    5165    5166    5157
268    269    1212    1211    5172    5173    5174    5165
269    17    255    1212    5180    5181    5182    5173
1205    1206    1213    1204    5126    5187    5188    5114
1206    1207    1214    1213    5134    5192    5193    5187
1207    1208    1215    1214    5142    5197    5198    5192
1208    1209    1216    1215    5150    5202    5203    5197
1209    1210    1217    1216    5158    5207    5208    5202
1210    1211    1218    1217    5166    5212    5213    5207
1211    1212    1219    1218    5174    5217    5218    5212
1212    255    256    1219    5182    5222    5223    5217
1204    1213    1220    1203    5188    5227    5228    5109
1213    1214    1221    1220    5193    5232    5233    5227
1214    1215    1222    1221    5198    5237    5238    5232
1215    1216    1223    1222    5203    5242    5243    5237
1216    1217    1224    1223    5208    5247    5248    5242
1217    1218    1225    1224    5213    5252    5253    5247
1218    1219    1226    1225    5218    5257    5258    5252
1219    256    257    1226    5223    5262    5263    5257
1203    1220    1227    1202    5228    5267    5268    5104
1220    1221    1228    1227    5233    5272    5273    5267
1221    1222    1229    1228    5238    5277    5278    5272
1222    1223    1230    1229    5243    5282    5283    5277
1223    1224    1231    1230    5248    5287    5288    5282
1224    1225    1232    1231    5253    5292    5293    5287
1225    1226    1233    1232    5258    5297    5298    5292
1226    257    258    1233    5263    5302    5303    5297
1202    1227    1234    1201    5268    5307    5308    5099
1227    1228    1235    1234    5273    5312    5313    5307
1228    1229    1236    1235    5278    5317    5318    5312
1229    1230    1237    1236    5283    5322    5323    5317
1230    1231    1238    1237    5288    5327    5328    5322
1231    1232    1239    1238    5293    5332    5333    5327
1232    1233    1240    1239    5298    5337    5338    5332
1233    258    259    1240    5303    5342    5343    5337
1201    1234    1241    1200    5308    5347    5348    5094
1234    1235    1242    1241    5313    5352    5353    5347
1235    1236    1243    1242    5318    5357    5358    5352
1236    1237    1244    1243    5323    5362    5363    5357
1237    1238    1245    1244    5328    5367    5368    5362
1238    1239    1246    1245    5333    5372    5373    5367
1239    1240    1247    1246    5338    5377    5378    5372
1240    259    260    1247    5343    5382    5383    5377
1200    1241    1198    1199    5348    5386    5084    5089
1241    1242    1197    1198    5353    5388    5079    5386
1242    1243    1196    1197    5358    5390    5074    5388
1243    1244    1195    1196    5363    5392    5069    5390
1244    1245    1194    1195    5368    5394    5064    5392
1245    1246    1193    1194    5373    5396    5059    5394
1246    1247    1192    1193    5378    5398    5054    5396
1247    260    261    1192    5383    5400    5048    5398
293    9    187    1438    5971    4258    6146    6147
1438    187    188    1439    6146    4271    6151    6152
1439    188    189    1440    6151    4284    6156    6157
1440    189    190    1441    6156    4297    6161    6162
1441    190    191    1442    6161    4310    6166    6167
1442    191    192    1443    6166    4323    6171    6172
1443    192    193    1444    6171    4336    6176    6177
1444    193    194    1445    6176    4349    6181    6182
194    195    1446    1445    4362    6186    6187    6181
195    196    1447    1446    4375    6191    6192    6186
196    197    1448    1447    4388    6196    6197    6191
197    198    1449    1448    4401    6201    6202    6196
198    199    1450    1449    4414    6206    6207    6201
199    200    1451    1450    4427    6211    6212    6206
200    13    300    1451    4440    6216    6217    6211
300    301    1452    1451    6222    6223    6224    6217
301    302    1453    1452    6230    6231    6232    6223
302    303    1454    1453    6238    6239    6240    6231
303    304    1455    1454    6246    6247    6248    6239
304    305    1456    1455    6254    6255    6256    6247
305    306    1457    1456    6262    6263    6264    6255
306    307    1458    1457    6270    6271    6272    6263
307    17    299    1458    6277    5994    6278    6271
1451    1452    1459    1450    6224    6281    6282    6212
1452    1453    1460    1459    6232    6286    6287    6281
1453    1454    1461    1460    6240    6291    6292    6286
1454    1455    1462    1461    6248    6296    6297    6291
1455    1456    1463    1462    6256    6301    6302    6296
1456    1457    1464    1463    6264    6306    6307    6301
1457    1458    1465    1464    6272    6311    6312    6306
1458    299    298    1465    6278    5999    6315    6311
1450    1459    1466    1449    6282    6318    6319    6207
1459    1460    1467    1466    6287    6323    6324    6318
1460    1461    1468    1467    6292    6328    6329    6323
1461    1462    1469    1468    6297    6333    6334    6328
1462    1463    1470    1469    6302    6338    6339    6333
1463    1464    1471    1470    6307    6343    6344    6338
1464    1465    1472    1471    6312    6348    6349    6343
1465    298    297    1472    6315    6004    6352    6348
1449    1466    1473    1448    6319    6355    6356    6202
1466    1467    1474    1473    6324    6360    6361    6355
1467    1468    1475    1474    6329    6365    6366    6360
1468    1469    1476    1475    6334    6370    6371    6365
1469    1470    1477    1476    6339    6375    6376    6370
1470    1471    1478    1477    6344    6380    6381    6375
1471    1472    1479    1478    6349    6385    6386    6380
1472    297    296    1479    6352    6009    6389    6385
1448    1473    1480    1447    6356    6392    6393    6197
1473    1474    1481    1480    6361    6397    6398    6392
1474    1475    1482    1481    6366    6402    6403    6397
1475    1476    1483    1482    6371    6407    6408    6402
1476    1477    1484    1483    6376    6412    6413    6407
1477    1478    1485    1484    6381    6417    6418    6412
1478    1479    1486    1485    6386    6422    6423    6417
1479    296    295    1486    6389    6014    6426    6422
1447    1480    1487    1446    6393    6429    6430    6192
1480    1481    1488    1487    6398    6434    6435    6429
1481    1482    1489    1488    6403    6439    6440    6434
1482    1483    1490    1489    6408    6444    6445    6439
1483    1484    1491    1490    6413    6449    6450    6444
1484    1485    1492    1491    6418    6454    6455    6449
1485    1486    1493    1492    6423    6459    6460    6454
1486    295    294    1493    6426    6019    6463    6459
1446    1487    1444    1445    6430    6465    6182    6187
1487    1488    1443    1444    6435    6467    6177    6465
1488    1489    1442    1443    6440    6469    6172    6467
1489    1490    1441    1442    6445    6471    6167    6469
1490    1491    1440    1441    6450    6473    6162    6471
1491    1492    1439    1440    6455    6475    6157    6473
1492    1493    1438    1439    6460    6477    6152    6475
1493    294    293    1438    6463    6023    6147    6477
261    260    1642    1635    5400    7101    7102    7065
260    259    1643    1642    5382    7104    7105    7101
259    258    1644    1643    5342    7107    7108    7104
258    257    1645    1644    5302    7110    7111    7107
257    256    1646    1645    5262    7113    7114    7110
256    255    1647    1646    5222    7116    7117    7113
255    17    307    1647    5181    6277    7119    7116
1635    1642    1648    1636    7102    7120    7121    7070
1642    1643    1649    1648    7105    7123    7124    7120
1643    1644    1650    1649    7108    7126    7127    7123
1644    1645    1651    1650    7111    7129    7130    7126
1645    1646    1652    1651    7114    7132    7133    7129
1646    1647    1653    1652    7117    7135    7136    7132
1647    307    306    1653    7119    6270    7138    7135
1636    1648    1654    1637    7121    7139    7140    7075
1648    1649    1655    1654    7124    7142    7143    7139
1649    1650    1656    1655    7127    7145    7146    7142
1650    1651    1657    1656    7130    7148    7149    7145
1651    1652    1658    1657    7133    7151    7152    7148
1652    1653    1659    1658    7136    7154    7155    7151
1653    306    305    1659    7138    6262    7157    7154
1637    1654    1660    1638    7140    7158    7159    7080
1654    1655    1661    1660    7143    7161    7162    7158
1655    1656    1662    1661    7146    7164    7165    7161
1656    1657    1663    1662    7149    7167    7168    7164
1657    1658    1664    1663    7152    7170    7171    7167
1658    1659    1665    1664    7155    7173    7174    7170
1659    305    304    1665    7157    6254    7176    7173
1638    1660    1666    1639    7159    7177    7178    7085
1660    1661    1667    1666    7162    7180    7181    7177
1661    1662    1668    1667    7165    7183    7184    7180
1662    1663    1669    1668    7168    7186    7187    7183
1663    1664    1670    1669    7171    7189    7190    7186
1664    1665    1671    1670    7174    7192    7193    7189
1665    304    303    1671    7176    6246    7195    7192
1639    1666    1672    1640    7178    7196    7197    7090
1666    1667    1673    1672    7181    7199    7200    7196
1667    1668    1674    1673    7184    7202    7203    7199
1668    1669    1675    1674    7187    7205    7206    7202
1669    1670    1676    1675    7190    7208    7209    7205
1670    1671    1677    1676    7193    7211    7212    7208
1671    303    302    1677    7195    6238    7214    7211
1640    1672    1678    1641    7197    7215    7216    7095
1672    1673    1679    1678    7200    7218    7219    7215
1673    1674    1680    1679    7203    7221    7222    7218
1674    1675    1681    1680    7206    7224    7225    7221
1675    1676    1682    1681    7209    7227    7228    7224
1676    1677    1683    1682    7212    7230    7231    7227
1677    302    301    1683    7214    6230    7233    7230
1641    1678    1629    1628    7216    7234    7031    7099
1678    1679    1630    1629    7219    7235    7038    7234
1679    1680    1631    1630    7222    7236    7043    7235
1680    1681    1632    1631    7225    7237    7048    7236
1681    1682    1633    1632    7228    7238    7053    7237
1682    1683    1634    1633    7231    7239    7058    7238
1683    301    300    1634    7233    6222    7062    7239
1382    1383    139    140    5949    5950    3569    5951
1383    1384    138    139    5953    5954    3582    5950
1384    1385    137    138    5956    5957    3595    5954
1385    1386    136    137    5959    5960    3608    5957
1386    1387    135    136    5962    5963    3621    5960
1387    1388    134    135    5965    5966    3634    5963
1388    262    4    134    5967    5118    3645    5966
1628    1629    335    336    7031    7035    7032    7036
1629    1630    334    335    7038    7041    7039    7035
1630    1631    333    334    7043    7046    7044    7041
1631    1632    332    333    7048    7051    7049    7046
1632    1633    331    332    7053    7056    7054    7051
1633    1634    330    331    7058    7061    7059    7056
1634    300    13    330    7062    6216    7063    7061
23    7    371    432    7932    7929    7933    7936
432    371    370    433    7933    7926    7972    7975
433    370    369    434    7972    7923    7998    8001
434    369    368    435    7998    7920    8024    8027
435    368    367    436    8024    7917    8050    8053
436    367    366    437    8050    7914    8076    8079
437    366    365    438    8076    7911    8102    8105
438    365    364    439    8102    7908    8128    8131
439    364    363    440    8128    7905    8154    8157
440    363    362    441    8154    7902    8180    8183
441    362    361    442    8180    7899    8206    8209
442    361    360    443    8206    7896    8232    8235
443    360    359    444    8232    7893    8258    8261
444    359    358    445    8258    7890    8284    8287
445    358    15    28    8284    7887    8310    8313
28    15    229    463    8310    5041    8336    8339
463    229    228    462    8336    5033    8362    8365
462    228    227    461    8362    5025    8388    8391
461    227    226    460    8388    5017    8414    8417
460    226    225    459    8414    5009    8440    8443
459    225    224    458    8440    5001    8466    8469
458    224    223    457    8466    4993    8492    8495
457    223    222    456    8492    4985    8518    8521
456    222    221    455    8518    4977    8544    8547
455    221    220    454    8544    4969    8570    8573
454    220    219    453    8570    4961    8596    8599
453    219    218    452    8596    4953    8622    8625
452    218    217    451    8622    4945    8648    8651
451    217    216    450    8648    4937    8674    8677
450    216    11    29    8674    4929    8700    8703
29    11    176    566    8700    4128    8726    8729
566    176    175    567    8726    4141    8752    8755
567    175    174    568    8752    4149    8778    8781
568    174    173    569    8778    4157    8804    8807
569    173    172    570    8804    4165    8830    8833
570    172    171    571    8830    4173    8856    8859
571    171    170    572    8856    4181    8882    8885
572    170    169    573    8882    4189    8908    8911
573    169    168    574    8908    4197    8934    8937
574    168    167    575    8934    4205    8960    8963
575    167    166    576    8960    4213    8986    8989
576    166    165    577    8986    4221    9012    9015
577    165    164    578    9012    4229    9038    9041
578    164    163    579    9038    4237    9064    9067
579    163    8    34    9064    4245    9090    9093
34    8    97    612    9090    3407    9116    9119
612    97    96    613    9116    3411    9142    9145
613    96    95    614    9142    3414    9168    9171
614    95    94    615    9168    3417    9194    9197
615    94    93    616    9194    3420    9220    9223
616    93    92    617    9220    3423    9246    9249
617    92    91    618    9246    3426    9272    9275
618    91    90    619    9272    3429    9298    9301
619    90    89    620    9298    3432    9324    9327
620    89    88    621    9324    3435    9350    9353
621    88    87    622    9350    3438    9376    9379
622    87    86    623    9376    3441    9402    9405
623    86    85    624    9402    3444    9428    9431
624    85    84    625    9428    3447    9454    9457
625    84    7    23    9454    3450    7932    9480
181    1117    187    9    4257    4260    4258    3462
1117    1118    188    187    4270    4273    4271    4260
1118    1119    189    188    4283    4286    4284    4273
1119    1120    190    189    4296    4299    4297    4286
1120    1121    191    190    4309    4312    4310    4299
1121    1122    192    191    4322    4325    4323    4312
1122    1123    193    192    4335    4338    4336    4325
1123    1124    194    193    4348    4351    4349    4338
1124    1125    195    194    4361    4364    4362    4351
1125    1126    196    195    4374    4377    4375    4364
1126    1127    197    196    4387    4390    4388    4377
1127    1128    198    197    4400    4403    4401    4390
1128    1129    199    198    4413    4416    4414    4403
1129    1130    200    199    4426    4429    4427    4416
1130    254    13    200    4439    4442    4440    4429
180    1131    1117    181    4449    4450    4257    3653
1131    1132    1118    1117    4457    4458    4270    4450
1132    1133    1119    1118    4465    4466    4283    4458
1133    1134    1120    1119    4473    4474    4296    4466
1134    1135    1121    1120    4481    4482    4309    4474
1135    1136    1122    1121    4489    4490    4322    4482
1136    1137    1123    1122    4497    4498    4335    4490
1137    1138    1124    1123    4505    4506    4348    4498
1138    1139    1125    1124    4513    4514    4361    4506
1139    1140    1126    1125    4521    4522    4374    4514
1140    1141    1127    1126    4529    4530    4387    4522
1141    1142    1128    1127    4537    4538    4400    4530
1142    1143    1129    1128    4545    4546    4413    4538
1143    1144    1130    1129    4553    4554    4426    4546
1144    253    254    1130    4561    4562    4439    4554
179    1145    1131    180    4569    4570    4449    3773
1145    1146    1132    1131    4577    4578    4457    4570
1146    1147    1133    1132    4585    4586    4465    4578
1147    1148    1134    1133    4593    4594    4473    4586
1148    1149    1135    1134    4601    4602    4481    4594
1149    1150    1136    1135    4609    4610    4489    4602
1150    1151    1137    1136    4617    4618    4497    4610
1151    1152    1138    1137    4625    4626    4505    4618
1152    1153    1139    1138    4633    4634    4513    4626
1153    1154    1140    1139    4641    4642    4521    4634
1154    1155    1141    1140    4649    4650    4529    4642
1155    1156    1142    1141    4657    4658    4537    4650
1156    1157    1143    1142    4665    4666    4545    4658
1157    1158    1144    1143    4673    4674    4553    4666
1158    252    253    1144    4681    4682    4561    4674
178    1159    1145    179    4689    4690    4569    3893
1159    1160    1146    1145    4697    4698    4577    4690
1160    1161    1147    1146    4705    4706    4585    4698
1161    1162    1148    1147    4713    4714    4593    4706
1162    1163    1149    1148    4721    4722    4601    4714
1163    1164    1150    1149    4729    4730    4609    4722
1164    1165    1151    1150    4737    4738    4617    4730
1165    1166    1152    1151    4745    4746    4625    4738
1166    1167    1153    1152    4753    4754    4633    4746
1167    1168    1154    1153    4761    4762    4641    4754
1168    1169    1155    1154    4769    4770    4649    4762
1169    1170    1156    1155    4777    4778    4657    4770
1170    1171    1157    1156    4785    4786    4665    4778
1171    1172    1158    1157    4793    4794    4673    4786
1172    251    252    1158    4801    4802    4681    4794
177    1173    1159    178    4809    4810    4689    4013
1173    1174    1160    1159    4817    4818    4697    4810
1174    1175    1161    1160    4825    4826    4705    4818
1175    1176    1162    1161    4833    4834    4713    4826
1176    1177    1163    1162    4841    4842    4721    4834
1177    1178    1164    1163    4849    4850    4729    4842
1178    1179    1165    1164    4857    4858    4737    4850
1179    1180    1166    1165    4865    4866    4745    4858
1180    1181    1167    1166    4873    4874    4753    4866
1181    1182    1168    1167    4881    4882    4761    4874
1182    1183    1169    1168    4889    4890    4769    4882
1183    1184    1170    1169    4897    4898    4777    4890
1184    1185    1171    1170    4905    4906    4785    4898
1185    1186    1172    1171    4913    4914    4793    4906
1186    250    251    1172    4921    4922    4801    4914
11    216    1173    177    4929    4930    4809    4133
216    217    1174    1173    4937    4938    4817    4930
217    218    1175    1174    4945    4946    4825    4938
218    219    1176    1175    4953    4954    4833    4946
219    220    1177    1176    4961    4962    4841    4954
220    221    1178    1177    4969    4970    4849    4962
221    222    1179    1178    4977    4978    4857    4970
222    223    1180    1179    4985    4986    4865    4978
223    224    1181    1180    4993    4994    4873    4986
224    225    1182    1181    5001    5002    4881    4994
225    226    1183    1182    5009    5010    4889    5002
226    227    1184    1183    5017    5018    4897    5010
227    228    1185    1184    5025    5026    4905    5018
228    229    1186    1185    5033    5034    4913    5026
229    15    250    1186    5041    5042    4921    5034
293    1389    147    9    5969    5972    3460    5971
1389    1390    146    147    5974    5975    3478    5972
1390    1391    145    146    5977    5978    3491    5975
1391    1392    144    145    5980    5981    3504    5978
1392    1393    143    144    5983    5984    3517    5981
1393    1394    142    143    5986    5987    3530    5984
1394    1395    141    142    5989    5990    3543    5987
1395    1382    140    141    5991    5951    3556    5990
269    1396    299    17    5993    5996    5994    5180
1396    1397    298    299    5998    6001    5999    5996
1397    1398    297    298    6003    6006    6004    6001
1398    1399    296    297    6008    6011    6009    6006
1399    1400    295    296    6013    6016    6014    6011
1400    1401    294    295    6018    6021    6019    6016
1401    1389    293    294    6022    5969    6023    6021
268    1402    1396    269    6025    6026    5993    5172
1402    1403    1397    1396    6028    6029    5998    6026
1403    1404    1398    1397    6031    6032    6003    6029
1404    1405    1399    1398    6034    6035    6008    6032
1405    1406    1400    1399    6037    6038    6013    6035
1406    1407    1401    1400    6040    6041    6018    6038
1407    1390    1389    1401    6042    5974    6022    6041
267    1408    1402    268    6044    6045    6025    5164
1408    1409    1403    1402    6047    6048    6028    6045
1409    1410    1404    1403    6050    6051    6031    6048
1410    1411    1405    1404    6053    6054    6034    6051
1411    1412    1406    1405    6056    6057    6037    6054
1412    1413    1407    1406    6059    6060    6040    6057
1413    1391    1390    1407    6061    5977    6042    6060
266    1414    1408    267    6063    6064    6044    5156
1414    1415    1409    1408    6066    6067    6047    6064
1415    1416    1410    1409    6069    6070    6050    6067
1416    1417    1411    1410    6072    6073    6053    6070
1417    1418    1412    1411    6075    6076    6056    6073
1418    1419    1413    1412    6078    6079    6059    6076
1419    1392    1391    1413    6080    5980    6061    6079
265    1420    1414    266    6082    6083    6063    5148
1420    1421    1415    1414    6085    6086    6066    6083
1421    1422    1416    1415    6088    6089    6069    6086
1422    1423    1417    1416    6091    6092    6072    6089
1423    1424    1418    1417    6094    6095    6075    6092
1424    1425    1419    1418    6097    6098    6078    6095
1425    1393    1392    1419    6099    5983    6080    6098
264    1426    1420    265    6101    6102    6082    5140
1426    1427    1421    1420    6104    6105    6085    6102
1427    1428    1422    1421    6107    6108    6088    6105
1428    1429    1423    1422    6110    6111    6091    6108
1429    1430    1424    1423    6113    6114    6094    6111
1430    1431    1425    1424    6116    6117    6097    6114
1431    1394    1393    1425    6118    5986    6099    6117
263    1432    1426    264    6120    6121    6101    5132
1432    1433    1427    1426    6123    6124    6104    6121
1433    1434    1428    1427    6126    6127    6107    6124
1434    1435    1429    1428    6129    6130    6110    6127
1435    1436    1430    1429    6132    6133    6113    6130
1436    1437    1431    1430    6135    6136    6116    6133
1437    1395    1394    1431    6137    5989    6118    6136
262    1388    1432    263    5967    6138    6120    5124
1388    1387    1433    1432    5965    6139    6123    6138
1387    1386    1434    1433    5962    6140    6126    6139
1386    1385    1435    1434    5959    6141    6129    6140
1385    1384    1436    1435    5956    6142    6132    6141
1384    1383    1437    1436    5953    6143    6135    6142
1383    1382    1395    1437    5949    5991    6137    6143
261    1635    343    3    7065    7068    7066    5046
1635    1636    342    343    7070    7073    7071    7068
1636    1637    341    342    7075    7078    7076    7073
1637    1638    340    341    7080    7083    7081    7078
1638    1639    339    340    7085    7088    7086    7083
1639    1640    338    339    7090    7093    7091    7088
1640    1641    337    338    7095    7098    7096    7093
1641    1628    336    337    7099    7036    7100    7098
776    99    4    67    2751    2757    2754    2756
777    776    67    66    2758    2756    2761    2762
778    777    66    65    2763    2762    2766    2767
779    778    65    64    2768    2767    2771    2772
780    779    64    63    2773    2772    2776    2777
781    780    63    62    2778    2777    2781    2782
782    781    62    61    2783    2782    2786    2787
783    782    61    60    2788    2787    2791    2792
784    783    60    59    2793    2792    2796    2797
785    784    59    58    2798    2797    2801    2802
786    785    58    57    2803    2802    2806    2807
787    786    57    56    2808    2807    2811    2812
788    787    56    55    2813    2812    2816    2817
789    788    55    54    2818    2817    2821    2822
113    789    54    3    2823    2822    2826    2827
790    100    99    776    2907    2910    2751    2909
791    790    776    777    2911    2909    2758    2913
792    791    777    778    2914    2913    2763    2916
793    792    778    779    2917    2916    2768    2919
794    793    779    780    2920    2919    2773    2922
795    794    780    781    2923    2922    2778    2925
796    795    781    782    2926    2925    2783    2928
797    796    782    783    2929    2928    2788    2931
798    797    783    784    2932    2931    2793    2934
799    798    784    785    2935    2934    2798    2937
800    799    785    786    2938    2937    2803    2940
801    800    786    787    2941    2940    2808    2943
802    801    787    788    2944    2943    2813    2946
803    802    788    789    2947    2946    2818    2949
112    803    789    113    2950    2949    2823    2952
804    101    100    790    3032    3035    2907    3034
805    804    790    791    3036    3034    2911    3038
806    805    791    792    3039    3038    2914    3041
807    806    792    793    3042    3041    2917    3044
808    807    793    794    3045    3044    2920    3047
809    808    794    795    3048    3047    2923    3050
810    809    795    796    3051    3050    2926    3053
811    810    796    797    3054    3053    2929    3056
812    811    797    798    3057    3056    2932    3059
813    812    798    799    3060    3059    2935    3062
814    813    799    800    3063    3062    2938    3065
815    814    800    801    3066    3065    2941    3068
816    815    801    802    3069    3068    2944    3071
817    816    802    803    3072    3071    2947    3074
111    817    803    112    3075    3074    2950    3077
818    102    101    804    3157    3160    3032    3159
819    818    804    805    3161    3159    3036    3163
820    819    805    806    3164    3163    3039    3166
821    820    806    807    3167    3166    3042    3169
822    821    807    808    3170    3169    3045    3172
823    822    808    809    3173    3172    3048    3175
824    823    809    810    3176    3175    3051    3178
825    824    810    811    3179    3178    3054    3181
826    825    811    812    3182    3181    3057    3184
827    826    812    813    3185    3184    3060    3187
828    827    813    814    3188    3187    3063    3190
829    828    814    815    3191    3190    3066    3193
830    829    815    816    3194    3193    3069    3196
831    830    816    817    3197    3196    3072    3199
110    831    817    111    3200    3199    3075    3202
832    103    102    818    3282    3285    3157    3284
833    832    818    819    3286    3284    3161    3288
834    833    819    820    3289    3288    3164    3291
835    834    820    821    3292    3291    3167    3294
836    835    821    822    3295    3294    3170    3297
837    836    822    823    3298    3297    3173    3300
838    837    823    824    3301    3300    3176    3303
839    838    824    825    3304    3303    3179    3306
840    839    825    826    3307    3306    3182    3309
841    840    826    827    3310    3309    3185    3312
842    841    827    828    3313    3312    3188    3315
843    842    828    829    3316    3315    3191    3318
844    843    829    830    3319    3318    3194    3321
845    844    830    831    3322    3321    3197    3324
109    845    831    110    3325    3324    3200    3327
97    8    103    832    3407    3410    3282    3409
96    97    832    833    3411    3409    3286    3413
95    96    833    834    3414    3413    3289    3416
94    95    834    835    3417    3416    3292    3419
93    94    835    836    3420    3419    3295    3422
92    93    836    837    3423    3422    3298    3425
91    92    837    838    3426    3425    3301    3428
90    91    838    839    3429    3428    3304    3431
89    90    839    840    3432    3431    3307    3434
88    89    840    841    3435    3434    3310    3437
87    88    841    842    3438    3437    3313    3440
86    87    842    843    3441    3440    3316    3443
85    86    843    844    3444    3443    3319    3446
84    85    844    845    3447    3446    3322    3449
7    84    845    109    3450    3449    3325    3452
181    9    147    874    3462    3460    3464    3453
874    147    146    875    3464    3478    3480    3473
875    146    145    876    3480    3491    3493    3486
876    145    144    877    3493    3504    3506    3499
877    144    143    878    3506    3517    3519    3512
878    143    142    879    3519    3530    3532    3525
879    142    141    880    3532    3543    3545    3538
880    141    140    881    3545    3556    3558    3551
881    140    139    882    3558    3569    3571    3564
882    139    138    883    3571    3582    3584    3577
883    138    137    884    3584    3595    3597    3590
884    137    136    885    3597    3608    3610    3603
885    136    135    886    3610    3621    3623    3616
886    135    134    887    3623    3634    3636    3629
887    134    4    99    3636    3645    2757    3642
180    181    874    888    3653    3453    3655    3648
888    874    875    889    3655    3473    3665    3661
889    875    876    890    3665    3486    3673    3669
890    876    877    891    3673    3499    3681    3677
891    877    878    892    3681    3512    3689    3685
892    878    879    893    3689    3525    3697    3693
893    879    880    894    3697    3538    3705    3701
894    880    881    895    3705    3551    3713    3709
895    881    882    896    3713    3564    3721    3717
896    882    883    897    3721    3577    3729    3725
897    883    884    898    3729    3590    3737    3733
898    884    885    899    3737    3603    3745    3741
899    885    886    900    3745    3616    3753    3749
900    886    887    901    3753    3629    3761    3757
901    887    99    100    3761    3642    2910    3765
179    180    888    902    3773    3648    3775    3768
902    888    889    903    3775    3661    3785    3781
903    889    890    904    3785    3669    3793    3789
904    890    891    905    3793    3677    3801    3797
905    891    892    906    3801    3685    3809    3805
906    892    893    907    3809    3693    3817    3813
907    893    894    908    3817    3701    3825    3821
908    894    895    909    3825    3709    3833    3829
909    895    896    910    3833    3717    3841    3837
910    896    897    911    3841    3725    3849    3845
911    897    898    912    3849    3733    3857    3853
912    898    899    913    3857    3741    3865    3861
913    899    900    914    3865    3749    3873    3869
914    900    901    915    3873    3757    3881    3877
915    901    100    101    3881    3765    3035    3885
178    179    902    916    3893    3768    3895    3888
916    902    903    917    3895    3781    3905    3901
917    903    904    918    3905    3789    3913    3909
918    904    905    919    3913    3797    3921    3917
919    905    906    920    3921    3805    3929    3925
920    906    907    921    3929    3813    3937    3933
921    907    908    922    3937    3821    3945    3941
922    908    909    923    3945    3829    3953    3949
923    909    910    924    3953    3837    3961    3957
924    910    911    925    3961    3845    3969    3965
925    911    912    926    3969    3853    3977    3973
926    912    913    927    3977    3861    3985    3981
927    913    914    928    3985    3869    3993    3989
928    914    915    929    3993    3877    4001    3997
929    915    101    102    4001    3885    3160    4005
177    178    916    930    4013    3888    4015    4008
930    916    917    931    4015    3901    4025    4021
931    917    918    932    4025    3909    4033    4029
932    918    919    933    4033    3917    4041    4037
933    919    920    934    4041    3925    4049    4045
934    920    921    935    4049    3933    4057    4053
935    921    922    936    4057    3941    4065    4061
936    922    923    937    4065    3949    4073    4069
937    923    924    938    4073    3957    4081    4077
938    924    925    939    4081    3965    4089    4085
939    925    926    940    4089    3973    4097    4093
940    926    927    941    4097    3981    4105    4101
941    927    928    942    4105    3989    4113    4109
942    928    929    943    4113    3997    4121    4117
943    929    102    103    4121    4005    3285    4125
11    177    930    176    4133    4008    4135    4128
176    930    931    175    4135    4021    4145    4141
175    931    932    174    4145    4029    4153    4149
174    932    933    173    4153    4037    4161    4157
173    933    934    172    4161    4045    4169    4165
172    934    935    171    4169    4053    4177    4173
171    935    936    170    4177    4061    4185    4181
170    936    937    169    4185    4069    4193    4189
169    937    938    168    4193    4077    4201    4197
168    938    939    167    4201    4085    4209    4205
167    939    940    166    4209    4093    4217    4213
166    940    941    165    4217    4101    4225    4221
165    941    942    164    4225    4109    4233    4229
164    942    943    163    4233    4117    4241    4237
163    943    103    8    4241    4125    3410    4245
23    432    1869    375    7936    7943    7945    7938
374    1868    390    22    7955    7953    7957    7946
375    1869    1868    374    7945    7969    7955    7966
432    433    1871    1869    7975    7979    7981    7943
1868    1870    391    390    7987    7985    7989    7953
1869    1871    1870    1868    7981    7996    7987    7969
433    434    1873    1871    8001    8005    8007    7979
1870    1872    392    391    8013    8011    8015    7985
1871    1873    1872    1870    8007    8022    8013    7996
434    435    1875    1873    8027    8031    8033    8005
1872    1874    393    392    8039    8037    8041    8011
1873    1875    1874    1872    8033    8048    8039    8022
435    436    1877    1875    8053    8057    8059    8031
1874    1876    394    393    8065    8063    8067    8037
1875    1877    1876    1874    8059    8074    8065    8048
436    437    1879    1877    8079    8083    8085    8057
1876    1878    395    394    8091    8089    8093    8063
1877    1879    1878    1876    8085    8100    8091    8074
437    438    1881    1879    8105    8109    8111    8083
1878    1880    396    395    8117    8115    8119    8089
1879    1881    1880    1878    8111    8126    8117    8100
438    439    1883    1881    8131    8135    8137    8109
1880    1882    397    396    8143    8141    8145    8115
1881    1883    1882    1880    8137    8152    8143    8126
439    440    1885    1883    8157    8161    8163    8135
1882    1884    398    397    8169    8167    8171    8141
1883    1885    1884    1882    8163    8178    8169    8152
440    441    1887    1885    8183    8187    8189    8161
1884    1886    399    398    8195    8193    8197    8167
1885    1887    1886    1884    8189    8204    8195    8178
441    442    1889    1887    8209    8213    8215    8187
1886    1888    400    399    8221    8219    8223    8193
1887    1889    1888    1886    8215    8230    8221    8204
442    443    1891    1889    8235    8239    8241    8213
1888    1890    401    400    8247    8245    8249    8219
1889    1891    1890    1888    8241    8256    8247    8230
443    444    1893    1891    8261    8265    8267    8239
1890    1892    402    401    8273    8271    8275    8245
1891    1893    1892    1890    8267    8282    8273    8256
444    445    1895    1893    8287    8291    8293    8265
1892    1894    403    402    8299    8297    8301    8271
1893    1895    1894    1892    8293    8308    8299    8282
445    28    449    1895    8313    8317    8319    8291
1894    448    27    403    8325    8323    8327    8297
1895    449    448    1894    8319    8334    8325    8308
28    463    1898    449    8339    8343    8345    8317
448    1897    477    27    8351    8349    8353    8323
449    1898    1897    448    8345    8360    8351    8334
463    462    1900    1898    8365    8369    8371    8343
1897    1899    476    477    8377    8375    8379    8349
1898    1900    1899    1897    8371    8386    8377    8360
462    461    1902    1900    8391    8395    8397    8369
1899    1901    475    476    8403    8401    8405    8375
1900    1902    1901    1899    8397    8412    8403    8386
461    460    1904    1902    8417    8421    8423    8395
1901    1903    474    475    8429    8427    8431    8401
1902    1904    1903    1901    8423    8438    8429    8412
460    459    1906    1904    8443    8447    8449    8421
1903    1905    473    474    8455    8453    8457    8427
1904    1906    1905    1903    8449    8464    8455    8438
459    458    1908    1906    8469    8473    8475    8447
1905    1907    472    473    8481    8479    8483    8453
1906    1908    1907    1905    8475    8490    8481    8464
458    457    1910    1908    8495    8499    8501    8473
1907    1909    471    472    8507    8505    8509    8479
1908    1910    1909    1907    8501    8516    8507    8490
457    456    1912    1910    8521    8525    8527    8499
1909    1911    470    471    8533    8531    8535    8505
1910    1912    1911    1909    8527    8542    8533    8516
456    455    1914    1912    8547    8551    8553    8525
1911    1913    469    470    8559    8557    8561    8531
1912    1914    1913    1911    8553    8568    8559    8542
455    454    1916    1914    8573    8577    8579    8551
1913    1915    468    469    8585    8583    8587    8557
1914    1916    1915    1913    8579    8594    8585    8568
454    453    1918    1916    8599    8603    8605    8577
1915    1917    467    468    8611    8609    8613    8583
1916    1918    1917    1915    8605    8620    8611    8594
453    452    1920    1918    8625    8629    8631    8603
1917    1919    466    467    8637    8635    8639    8609
1918    1920    1919    1917    8631    8646    8637    8620
452    451    1922    1920    8651    8655    8657    8629
1919    1921    465    466    8663    8661    8665    8635
1920    1922    1921    1919    8657    8672    8663    8646
451    450    1924    1922    8677    8681    8683    8655
1921    1923    464    465    8689    8687    8691    8661
1922    1924    1923    1921    8683    8698    8689    8672
450    29    520    1924    8703    8707    8709    8681
1923    521    30    464    8715    8713    8717    8687
1924    520    521    1923    8709    8724    8715    8698
29    566    1955    520    8729    8733    8735    8707
521    1954    552    30    8741    8739    8743    8713
520    1955    1954    521    8735    8750    8741    8724
566    567    1957    1955    8755    8759    8761    8733
1954    1956    553    552    8767    8765    8769    8739
1955    1957    1956    1954    8761    8776    8767    8750
567    568    1959    1957    8781    8785    8787    8759
1956    1958    554    553    8793    8791    8795    8765
1957    1959    1958    1956    8787    8802    8793    8776
568    569    1961    1959    8807    8811    8813    8785
1958    1960    555    554    8819    8817    8821    8791
1959    1961    1960    1958    8813    8828    8819    8802
569    570    1963    1961    8833    8837    8839    8811
1960    1962    556    555    8845    8843    8847    8817
1961    1963    1962    1960    8839    8854    8845    8828
570    571    1965    1963    8859    8863    8865    8837
1962    1964    557    556    8871    8869    8873    8843
1963    1965    1964    1962    8865    8880    8871    8854
571    572    1967    1965    8885    8889    8891    8863
1964    1966    558    557    8897    8895    8899    8869
1965    1967    1966    1964    8891    8906    8897    8880
572    573    1969    1967    8911    8915    8917    8889
1966    1968    559    558    8923    8921    8925    8895
1967    1969    1968    1966    8917    8932    8923    8906
573    574    1971    1969    8937    8941    8943    8915
1968    1970    560    559    8949    8947    8951    8921
1969    1971    1970    1968    8943    8958    8949    8932
574    575    1973    1971    8963    8967    8969    8941
1970    1972    561    560    8975    8973    8977    8947
1971    1973    1972    1970    8969    8984    8975    8958
575    576    1975    1973    8989    8993    8995    8967
1972    1974    562    561    9001    8999    9003    8973
1973    1975    1974    1972    8995    9010    9001    8984
576    577    1977    1975    9015    9019    9021    8993
1974    1976    563    562    9027    9025    9029    8999
1975    1977    1976    1974    9021    9036    9027    9010
577    578    1979    1977    9041    9045    9047    9019
1976    1978    564    563    9053    9051    9055    9025
1977    1979    1978    1976    9047    9062    9053    9036
578    579    1981    1979    9067    9071    9073    9045
1978    1980    565    564    9079    9077    9081    9051
1979    1981    1980    1978    9073    9088    9079    9062
579    34    594    1981    9093    9097    9099    9071
1980    595    35    565    9105    9103    9107    9077
1981    594    595    1980    9099    9114    9105    9088
34    612    2039    594    9119    9123    9125    9097
595    2038    639    35    9131    9129    9133    9103
594    2039    2038    595    9125    9140    9131    9114
612    613    2041    2039    9145    9149    9151    9123
2038    2040    638    639    9157    9155    9159    9129
2039    2041    2040    2038    9151    9166    9157    9140
613    614    2043    2041    9171    9175    9177    9149
2040    2042    637    638    9183    9181    9185    9155
2041    2043    2042    2040    9177    9192    9183    9166
614    615    2045    2043    9197    9201    9203    9175
2042    2044    636    637    9209    9207    9211    9181
2043    2045    2044    2042    9203    9218    9209    9192
615    616    2047    2045    9223    9227    9229    9201
2044    2046    635    636    9235    9233    9237    9207
2045    2047    2046    2044    9229    9244    9235    9218
616    617    2049    2047    9249    9253    9255    9227
2046    2048    634    635    9261    9259    9263    9233
2047    2049    2048    2046    9255    9270    9261    9244
617    618    2051    2049    9275    9279    9281    9253
2048    2050    633    634    9287    9285    9289    9259
2049    2051    2050    2048    9281    9296    9287    9270
618    619    2053    2051    9301    9305    9307    9279
2050    2052    632    633    9313    9311    9315    9285
2051    2053    2052    2050    9307    9322    9313    9296
619    620    2055    2053    9327    9331    9333    9305
2052    2054    631    632    9339    9337    9341    9311
2053    2055    2054    2052    9333    9348    9339    9322
620    621    2057    2055    9353    9357    9359    9331
2054    2056    630    631    9365    9363    9367    9337
2055    2057    2056    2054    9359    9374    9365    9348
621    622    2059    2057    9379    9383    9385    9357
2056    2058    629    630    9391    9389    9393    9363
2057    2059    2058    2056    9385    9400    9391    9374
622    623    2061    2059    9405    9409    9411    9383
2058    2060    628    629    9417    9415    9419    9389
2059    2061    2060    2058    9411    9426    9417    9400
623    624    2063    2061    9431    9435    9437    9409
2060    2062    627    628    9443    9441    9445    9415
2061    2063    2062    2060    9437    9452    9443    9426
624    625    2065    2063    9457    9461    9463    9435
2062    2064    626    627    9469    9467    9471    9441
2063    2065    2064    2062    9463    9478    9469    9452
625    23    375    2065    9480    7938    9483    9461
2064    374    22    626    9485    7946    9487    9467
2065    375    374    2064    9483    7966    9485    9478