1550    1552    1551
774    775    1023
775    776    1552
1017    1551    1018
775    1552    1550
1022    1023    1550
775    1550    1023
1017    1021    1551
1018    1551    1552
1550    1551    1553
1016    1021    1017
773    1552    776
773    1018    1552
1022    1550    1553
1020    1553    1021
1021    1553    1551
1019    1553    1020
1019    1022    1553
1016    1029    1021
1025    1031    1032
1020    1030    1928
1020    1021    1030
1030    1031    1928
1024    1025    1032
1021    1029    1030
1019    1020    1026
1020    1928    1026
1025    1928    1031
1025    1026    1928
771    1146    773
1016    1017    1029
777    1028    782
1542    1545    1544
773    1146    1018
1024    1032    1027
781    1542    1145
1027    1542    1028
781    782    1542
782    1028    1542
780    781    1145
1029    1543    1030
1145    1543    1146
1017    1543    1029
1145    1544    1543
1145    1542    1544
1031    1545    1032
1027    1545    1542
1027    1032    1545
1017    1018    1543
1018    1146    1543
1030    1543    1544
1030    1544    1545
1031    1030    1545
1145    1146    1148
1147    1149    1150
1147    1150    1148
1145    1148    1150
1046    1047    1052
1039    1049    1042
1033    1045    1054
1033    1054    1036
1045    1053    1054
1045    1046    1053
1047    1048    1051
1046    1052    1053
1048    1049    1050
1047    1051    1052
1048    1050    1051
1039    1050    1049
1537    1541    1539
1040    1041    1536
762    1155    766
766    1155    1536
765    766    1536
788    1038    791
1039    1040    1050
764    765    1041
765    1536    1041
789    790    1153
1536    1538    1540
1037    1537    1038
790    1537    1153
790    791    1537
791    1038    1537
1051    1538    1052
1153    1538    1155
1155    1538    1536
1153    1539    1538
1153    1537    1539
1050    1540    1051
1051    1540    1538
1040    1540    1050
1040    1536    1540
1053    1541    1054
1052    1538    1539
1052    1539    1541
1053    1052    1541
1037    1541    1537
1036    1054    1037
1037    1054    1541
1151    1154    1156
1153    1156    1154
1151    1152    1154
1153    1155    1156
1009    1010    1011
1008    1009    1012
856    1015    859
856    1006    1015
1006    1014    1015
1006    1007    1014
1000    1010    1003
1007    1013    1014
1007    1008    1013
1008    1012    1013
1009    1011    1012
1000    1011    1010
1525    1529    1527
1001    1002    1524
753    1134    757
757    1134    1524
756    757    1524
797    861    800
1000    1001    1011
755    756    1002
756    1524    1002
798    799    1133
1524    1526    1528
860    1525    861
799    1525    1133
799    800    1525
800    861    1525
1012    1526    1013
1133    1526    1134
1134    1526    1524
1133    1527    1526
1133    1525    1527
1011    1528    1012
1012    1528    1526
1001    1528    1011
1001    1524    1528
1014    1529    1015
1013    1526    1527
1013    1527    1529
1014    1013    1529
860    1529    1525
859    1015    860
860    1015    1529
1133    1134    1136
1135    1137    1138
1135    1138    1136
1133    1136    1138
1083    1093    1086
1089    1097    1098
1077    1089    1098
1077    1098    1080
1092    1093    1094
1091    1092    1095
1089    1090    1097
1090    1096    1097
1090    1091    1096
1091    1095    1096
1092    1094    1095
1083    1094    1093
1513    1517    1515
1084    1085    1512
744    1122    748
748    1122    1512
747    748    1512
806    1082    809
1083    1084    1094
746    747    1085
747    1512    1085
807    808    1121
1512    1514    1516
1081    1513    1082
808    1513    1121
808    809    1513
809    1082    1513
1095    1514    1096
1121    1514    1122
1122    1514    1512
1121    1515    1514
1121    1513    1515
1094    1516    1095
1095    1516    1514
1084    1516    1094
1084    1512    1516
1097    1517    1098
1096    1514    1515
1096    1515    1517
1097    1096    1517
1081    1517    1513
1080    1098    1081
1081    1098    1517
1121    1122    1124
1123    1125    1126
1123    1126    1124
1121    1124    1126
768    1147    772
771    772    1148
772    1147    1148
771    1148    1146
759    1151    763
763    1156    762
763    1151    1156
762    1156    1155
753    754    1136
754    1135    1136
750    1135    754
753    1136    1134
741    1123    745
744    745    1124
745    1123    1124
744    1124    1122
1501    1505    1503
1106    1107    1500
735    1131    739
739    1131    1500
738    739    1500
815    1104    818
1105    1106    1116
737    738    1107
738    1500    1107
816    817    1129
1500    1502    1504
1103    1501    1104
817    1501    1129
817    818    1501
818    1104    1501
1117    1502    1118
1129    1502    1131
1131    1502    1500
1129    1503    1502
1129    1501    1503
1116    1504    1117
1117    1504    1502
1106    1504    1116
1106    1500    1504
1119    1505    1120
1118    1502    1503
1118    1503    1505
1119    1118    1505
1103    1505    1501
1102    1120    1103
1103    1120    1505
1105    1115    1108
1099    1111    1120
1111    1119    1120
1099    1120    1102
1114    1115    1116
1113    1114    1117
1111    1112    1119
1112    1118    1119
1112    1113    1118
1113    1117    1118
1114    1116    1117
1105    1116    1115
1127    1128    1130
1129    1132    1130
1127    1130    1132
1129    1131    1132
736    1127    1132
736    1132    735
732    1127    736
735    1132    1131
1069    1070    1073
1055    1067    1076
1055    1076    1058
1068    1069    1074
1067    1075    1076
1067    1068    1075
1061    1071    1064
1068    1074    1075
1070    1071    1072
1069    1073    1074
1070    1072    1073
1061    1072    1071
1062    1063    1488
726    1143    730
1489    1493    1491
730    1143    1488
729    730    1488
824    1060    827
1061    1062    1072
728    729    1063
729    1488    1063
825    826    1141
1488    1490    1492
1059    1489    1060
826    1489    1141
826    827    1489
827    1060    1489
1073    1490    1074
1141    1490    1143
1143    1490    1488
1141    1491    1490
1141    1489    1491
1072    1492    1073
1073    1492    1490
1062    1492    1072
1062    1488    1492
1075    1493    1076
1074    1490    1491
1074    1491    1493
1075    1074    1493
1059    1493    1489
1058    1076    1059
1059    1076    1493
1139    1140    1142
1141    1144    1142
1139    1142    1144
1141    1143    1144
723    1139    727
727    1144    726
727    1139    1144
726    1144    1143
922    930    931
916    926    919
910    922    931
910    931    913
925    926    927
922    923    930
924    925    928
923    929    930
923    924    929
924    928    929
925    927    928
916    927    926
721    1182    1476
1477    1481    1479
717    1182    721
917    918    1476
833    915    836
720    721    1476
916    917    927
719    720    918
720    1476    918
834    835    1181
1476    1478    1480
914    1477    915
835    1477    1181
835    836    1477
836    915    1477
928    1478    929
1181    1478    1182
1182    1478    1476
1181    1479    1478
1181    1477    1479
927    1480    928
928    1480    1478
917    1480    927
917    1476    1480
930    1481    931
929    1478    1479
929    1479    1481
930    929    1481
914    1481    1477
913    931    914
914    931    1481
1183    1185    1186
1181    1182    1184
1183    1186    1184
1181    1184    1186
718    1184    717
717    1184    1182
714    1183    718
718    1183    1184
944    952    953
938    949    948
932    944    953
932    953    935
946    947    950
944    945    952
945    951    952
945    946    951
938    948    941
946    950    951
947    949    950
947    948    949
939    940    1464
711    712    1464
938    939    949
842    937    844
711    1464    940
708    1187    712
712    1187    1464
710    711    940
1465    1469    1467
624    843    1190
1464    1466    1468
936    1465    937
843    1465    1190
843    844    1465
844    937    1465
950    1466    951
1187    1190    1466
1187    1466    1464
1190    1467    1466
1190    1465    1467
949    1468    950
950    1468    1466
939    1468    949
939    1464    1468
952    1469    953
951    1466    1467
951    1467    1469
952    951    1469
936    1469    1465
935    953    936
936    953    1469
1188    1191    1192
1189    1192    1190
1187    1189    1190
1188    1192    1189
708    1189    1187
709    1189    708
705    1188    709
709    1188    1189
894    904    897
900    908    909
888    900    909
888    909    891
901    902    907
902    903    906
900    901    908
901    907    908
903    904    905
902    906    907
903    905    906
894    905    904
895    896    1452
701    702    896
699    1164    703
894    895    905
1453    1457    1455
630    631    1163
703    1164    1452
702    1452    896
629    893    632
1452    1454    1456
702    703    1452
892    1453    893
631    1453    1163
631    632    1453
632    893    1453
906    1454    907
1163    1454    1164
1164    1454    1452
1163    1455    1454
1163    1453    1455
905    1456    906
906    1456    1454
895    1456    905
895    1452    1456
908    1457    909
907    1454    1455
907    1455    1457
908    907    1457
892    1457    1453
891    909    892
892    909    1457
1165    1167    1168
1163    1164    1166
1165    1168    1166
1163    1166    1168
696    1165    700
699    1166    1164
699    700    1166
700    1165    1166
988    996    997
976    988    997
991    992    993
990    991    994
976    997    979
988    989    996
982    992    985
989    995    996
989    990    995
990    994    995
991    993    994
982    993    992
983    1420    993
994    1418    995
980    1421    1417
980    1417    981
994    1420    1418
692    693    984
983    984    1416
694    1173    1416
641    981    1417
693    1416    984
995    1418    1419
1171    1417    1419
690    1173    694
996    995    1421
1171    1419    1418
980    997    1421
979    997    980
995    1419    1421
1417    1421    1419
996    1421    997
983    1416    1420
993    1420    994
1173    1418    1416
1171    1418    1173
640    641    1417
640    1417    1171
1416    1418    1420
639    640    1171
638    981    641
982    983    993
693    694    1416
1169    1170    1172
1171    1174    1172
1169    1172    1174
1171    1173    1174
691    1169    1174
691    1174    690
687    1169    691
690    1174    1173
966    974    975
968    969    972
954    966    975
954    975    957
967    968    973
966    967    974
960    970    963
967    973    974
969    970    971
968    972    973
969    971    972
960    971    970
1423    1427    1425
649    650    1423
683    684    962
971    1426    972
958    1427    1423
961    962    1422
960    961    971
961    1422    1426
1177    1425    1424
972    1424    973
958    975    1427
650    959    1423
973    1424    1425
957    975    958
684    1422    962
974    1427    975
681    1179    685
974    973    1427
973    1425    1427
961    1426    971
972    1426    1424
1177    1423    1425
1179    1424    1422
1177    1424    1179
649    1423    1177
958    1423    959
684    685    1422
685    1179    1422
647    959    650
648    649    1177
1422    1424    1426
1175    1176    1178
1177    1180    1178
1175    1178    1180
1177    1179    1180
682    1180    681
682    1175    1180
678    1175    682
681    1180    1179
880    881    884
878    886    887
866    878    887
866    887    869
881    882    883
878    879    886
872    882    875
879    885    886
879    880    885
880    884    885
881    883    884
872    883    882
672    1158    676
886    885    1439
675    1434    874
870    1435    871
656    871    659
883    1438    884
873    874    1434
1157    1435    1437
885    1436    1437
657    658    1157
1435    1439    1437
658    1435    1157
873    1434    1438
659    871    1435
870    1439    1435
885    1437    1439
1158    1436    1434
676    1158    1434
658    659    1435
873    1438    883
869    887    870
884    1438    1436
886    1439    887
1434    1436    1438
1157    1437    1436
1157    1436    1158
884    1436    885
870    887    1439
674    675    874
675    676    1434
872    873    883
1159    1161    1162
1157    1158    1160
1159    1162    1160
1157    1160    1162
672    673    1160
672    1160    1158
669    1159    673
673    1159    1160
850    853    1929
846    850    848
853    854    1929
848    850    1929
847    854    855
847    848    1929
847    1929    854
845    847    855
850    851    853
851    852    853
849    852    851
998    999    1554
865    1555    1556
663    865    1556
663    1556    668
848    1555    864
666    667    999
864    1555    865
667    1554    999
846    848    864
1554    1555    1557
1554    1556    1555
667    1556    1554
667    668    1556
998    1554    1557
847    1557    848
848    1557    1555
845    1557    847
845    998    1557
662    863    1560
863    1559    1560
862    1559    863
663    664    865
662    1560    665
851    1559    862
864    865    1558
664    1558    865
849    851    862
1558    1559    1561
1558    1560    1559
664    1560    1558
664    665    1560
864    1558    1561
850    1561    851
851    1561    1559
846    1561    850
846    864    1561
783    1149    787
1033    1034    1045
767    1044    770
768    769    1147
1043    1531    1044
1531    1535    1533
785    786    1035
786    1530    1035
1034    1035    1530
786    787    1530
787    1149    1530
1530    1532    1534
769    1531    1147
769    770    1531
770    1044    1531
1046    1532    1047
1147    1532    1149
1149    1532    1530
1147    1533    1532
1147    1531    1533
1045    1534    1046
1046    1534    1532
1034    1534    1045
1034    1530    1534
1048    1535    1049
1047    1532    1533
1047    1533    1535
1048    1047    1535
1043    1535    1531
1042    1049    1043
1043    1049    1535
792    1152    796
856    857    1006
758    1005    761
759    760    1151
1004    1519    1005
1519    1523    1521
794    795    858
795    1518    858
857    858    1518
795    796    1518
796    1152    1518
1518    1520    1522
760    1519    1151
760    761    1519
761    1005    1519
1007    1520    1008
1151    1520    1152
1152    1520    1518
1151    1521    1520
1151    1519    1521
1006    1522    1007
1007    1522    1520
857    1522    1006
857    1518    1522
1009    1523    1010
1008    1520    1521
1008    1521    1523
1009    1008    1523
1004    1523    1519
1003    1010    1004
1004    1010    1523
801    1137    805
1077    1078    1089
749    1088    752
750    751    1135
1087    1507    1088
1507    1511    1509
803    804    1079
804    1506    1079
1078    1079    1506
804    805    1506
805    1137    1506
1506    1508    1510
751    1507    1135
751    752    1507
752    1088    1507
1090    1508    1091
1135    1508    1137
1137    1508    1506
1135    1509    1508
1135    1507    1509
1089    1510    1090
1090    1510    1508
1078    1510    1089
1078    1506    1510
1092    1511    1093
1091    1508    1509
1091    1509    1511
1092    1091    1511
1087    1511    1507
1086    1093    1087
1087    1093    1511
810    1125    814
1099    1100    1111
740    1110    743
741    742    1123
1109    1495    1110
1495    1499    1497
812    813    1101
813    1494    1101
1100    1101    1494
813    814    1494
814    1125    1494
1494    1496    1498
742    1495    1123
742    743    1495
743    1110    1495
1112    1496    1113
1123    1496    1125
1125    1496    1494
1123    1497    1496
1123    1495    1497
1111    1498    1112
1112    1498    1496
1100    1498    1111
1100    1494    1498
1114    1499    1115
1113    1496    1497
1113    1497    1499
1114    1113    1499
1109    1499    1495
1108    1115    1109
1109    1115    1499
819    1128    823
1055    1056    1067
731    1066    734
732    733    1127
1065    1483    1066
1483    1487    1485
821    822    1057
822    1482    1057
1056    1057    1482
822    823    1482
823    1128    1482
1482    1484    1486
733    1483    1127
733    734    1483
734    1066    1483
1068    1484    1069
1127    1484    1128
1128    1484    1482
1127    1485    1484
1127    1483    1485
1067    1486    1068
1068    1486    1484
1056    1486    1067
1056    1482    1486
1070    1487    1071
1069    1484    1485
1069    1485    1487
1070    1069    1487
1065    1487    1483
1064    1071    1065
1065    1071    1487
910    911    922
828    1140    832
722    921    725
723    724    1139
920    1471    921
1471    1475    1473
830    831    912
831    1470    912
911    912    1470
831    832    1470
832    1140    1470
1470    1472    1474
724    1471    1139
724    725    1471
725    921    1471
923    1472    924
1139    1472    1140
1140    1472    1470
1139    1473    1472
1139    1471    1473
922    1474    923
923    1474    1472
911    1474    922
911    1470    1474
925    1475    926
924    1472    1473
924    1473    1475
925    924    1475
920    1475    1471
919    926    920
920    926    1475
713    943    716
932    933    944
942    1459    943
714    715    1183
837    1185    841
839    840    934
1459    1463    1461
840    1458    934
933    934    1458
840    841    1458
841    1185    1458
1458    1460    1462
715    1459    1183
715    716    1459
716    943    1459
945    1460    946
1183    1460    1185
1185    1460    1458
1183    1461    1460
1183    1459    1461
944    1462    945
945    1462    1460
933    1462    944
933    1458    1462
947    1463    948
946    1460    1461
946    1461    1463
947    946    1463
942    1463    1459
941    948    942
942    948    1463
903    1451    904
898    1451    1447
1188    1447    1449
1191    1448    1446
1447    1451    1449
888    889    900
889    1446    1450
902    1448    1449
901    1450    1448
1188    1449    1448
889    1450    900
901    1448    902
626    627    890
706    1447    1188
1446    1448    1450
706    707    1447
627    628    1446
898    1447    899
1188    1448    1191
707    899    1447
900    1450    901
902    1449    1451
889    890    1446
903    902    1451
898    904    1451
628    1191    1446
897    904    898
705    706    1188
623    1191    628
627    1446    890
704    899    707
989    1412    990
977    1410    1414
991    990    1415
698    987    1411
697    698    1411
988    1414    989
991    1415    992
635    636    978
977    1414    988
985    992    986
1165    1411    1413
1165    1413    1412
636    1410    978
986    1415    1411
1167    1412    1410
989    1414    1412
1410    1412    1414
986    992    1415
990    1413    1415
990    1412    1413
1165    1412    1167
697    1411    1165
633    1167    637
976    977    988
1411    1415    1413
695    987    698
977    978    1410
637    1167    1410
986    1411    987
696    697    1165
636    637    1410
969    1445    970
688    1441    1169
645    646    1440
688    689    1441
954    955    966
967    1442    968
1441    1445    1443
687    688    1169
1440    1442    1444
964    1445    1441
966    1444    967
963    970    964
955    956    1440
689    965    1441
968    1443    1445
964    970    1445
969    968    1445
645    1440    956
644    645    956
967    1444    1442
1169    1441    1443
955    1440    1444
955    1444    966
686    965    689
968    1442    1443
646    1170    1440
1169    1443    1442
1169    1442    1170
1170    1442    1440
964    1441    965
642    1170    646
867    868    1428
879    1430    880
866    867    878
679    1429    1175
867    1428    1432
878    1432    879
651    1176    655
867    1432    878
655    1176    1428
881    1433    882
876    882    1433
1175    1431    1430
876    1429    877
881    880    1433
1429    1433    1431
653    654    868
1175    1429    1431
875    882    876
1176    1430    1428
680    877    1429
1175    1430    1176
880    1431    1433
1428    1430    1432
679    680    1429
654    655    1428
876    1433    1429
880    1430    1431
678    679    1175
879    1432    1430
654    1428    868
677    877    680
1159    1408    1407
852    862    1407
1159    1406    1408
660    1161    662
998    1409    1406
662    1161    863
670    1406    1159
670    671    1406
854    853    1409
853    1407    1408
998    1406    999
863    1161    1407
1159    1407    1161
852    1407    853
666    999    671
853    1408    1409
862    863    1407
855    1409    998
854    1409    855
1406    1409    1408
671    999    1406
849    862    852
669    670    1159
845    855    998
804    808    805
644    650    645
667    1194    668
795    799    796
667    670    1194
669    1194    670
664    668    1194
660    662    665
778    1193    779
778    781    1193
786    791    790
780    1193    781
775    779    1193
774    779    775
653    656    659
636    641    640
653    659    654
778    782    781
644    647    650
627    632    631
635    638    641
714    718    838
635    641    636
626    629    632
840    844    843
626    632    627
785    791    786
839    842    844
839    844    840
785    788    791
830    833    836
830    836    831
822    827    826
821    824    827
821    827    822
801    805    807
812    815    818
794    797    800
812    818    813
633    696    634
803    806    809
803    809    804
813    817    814
813    818    817
714    838    837
794    800    795
822    826    823
831    836    835
630    700    699
777    782    778
840    843    841
627    631    628
645    650    649
636    640    637
651    678    652
654    659    658
661    669    673
786    790    787
787    790    789
795    800    799
783    787    789
828    832    834
792    796    798
810    814    816
804    809    808
717    828    834
624    708    837
625    705    709
623    699    705
831    835    832
630    634    700
633    639    690
643    687    691
642    681    687
648    682    681
648    652    682
645    649    646
651    657    672
654    658    655
660    669    661
642    646    648
646    649    648
623    628    630
628    631    630
796    799    798
832    835    834
805    808    807
741    811    810
814    817    816
823    826    825
819    823    825
624    841    843
624    837    841
637    640    639
633    637    639
655    658    657
651    655    657
657    661    673
657    673    672
685    688    687
651    672    678
652    678    682
642    648    681
642    687    643
639    643    691
639    691    690
633    690    696
634    696    700
623    630    699
623    705    625
624    625    709
624    709    708
717    834    718
708    714    837
745    807    811
718    834    838
723    829    828
726    730    732
735    810    816
712    715    714
735    816    736
699    703    705
732    736    820
736    816    820
672    676    678
728    734    729
732    820    819
762    783    789
768    772    784
753    759    792
744    807    745
726    819    825
759    763    793
726    825    727
759    793    792
723    727    829
727    825    829
750    802    801
717    723    828
741    745    811
683    686    689
744    750    801
744    801    807
750    754    802
753    798    754
768    784    783
753    792    798
762    789    763
772    780    784
726    732    819
764    770    765
762    768    783
663    668    664
771    780    772
771    773    776
676    679    678
681    685    687
690    694    696
694    697    696
703    706    705
708    712    714
717    721    723
721    724    723
730    733    732
735    741    810
754    798    802
692    698    693
763    789    793
683    689    684
710    713    716
737    743    738
747    751    748
755    758    761
702    707    706
667    671    670
738    742    739
693    698    697
720    724    721
756    761    760
738    743    742
766    769    768
757    760    759
765    769    766
728    731    734
753    757    759
675    679    676
666    671    667
735    739    741
739    742    741
744    748    750
748    751    750
747    752    751
762    766    768
729    733    730
765    770    769
711    716    715
756    760    757
729    734    733
693    697    694
720    725    724
684    688    685
711    715    712
702    706    703
764    767    770
684    689    688
675    680    679
755    761    756
746    749    752
746    752    747
737    740    743
719    725    720
719    722    725
771    1195    780
701    707    702
710    716    711
701    704    707
674    677    680
692    695    698
674    680    675
775    1193    1195
780    1195    1193
771    776    1195
775    1195    776
660    1196    669
669    1196    1194
664    1194    1196
660    665    1196
664    1196    665
653    868    656
867    870    871
866    870    867
656    868    871
867    871    868
866    869    870
644    956    647
955    958    959
954    958    955
647    956    959
955    959    956
954    957    958
977    980    981
638    635    981
976    980    977
981    635    978
977    981    978
976    979    980
890    892    893
626    890    893
889    891    892
626    893    629
889    892    890
888    891    889
839    934    842
933    936    934
933    935    936
842    934    937
934    936    937
932    935    933
911    915    912
830    912    833
910    914    911
833    912    915
911    914    915
910    913    914
821    1057    824
1056    1060    1057
1058    1059    1055
824    1057    1060
1059    1060    1056
1055    1059    1056
1101    1103    1104
812    1101    1104
1100    1102    1103
812    1104    815
1100    1103    1101
1099    1102    1100
803    1079    806
1078    1082    1079
1080    1081    1077
806    1079    1082
1081    1082    1078
1077    1081    1078
857    861    858
856    860    857
857    860    861
794    858    797
797    858    861
856    859    860
1035    1037    1038
785    1035    1038
1034    1036    1037
785    1038    788
1034    1037    1035
1033    1036    1034
1546    1547    1548
1022    1546    1023
1027    1028    1547
1028    1548    1547
778    779    1548
1025    1027    1547
774    1023    779
779    1546    1548
779    1023    1546
1546    1549    1547
1024    1027    1025
777    1548    1028
777    778    1548
1022    1549    1546
1025    1549    1026
1025    1547    1549
1019    1549    1022
1019    1026    1549
657    1162    661
657    1157    1162
660    661    1161
661    1162    1161
651    652    1176
1177    1178    648
1176    652    1178
648    1178    652
642    643    1170
1171    1172    639
1170    643    1172
639    1172    643
633    634    1167
1163    1168    630
1167    634    1168
630    1168    634
1191    625    1192
624    1192    625
1190    1192    624
623    625    1191
1185    838    1186
837    838    1185
1181    1186    834
834    1186    838
828    829    1140
1141    1142    825
1140    829    1142
825    1142    829
819    820    1128
1129    1130    816
1128    820    1130
816    1130    820
810    811    1125
1121    1126    807
1125    811    1126
807    1126    811
801    802    1137
798    1138    802
802    1138    1137
798    1133    1138
792    793    1152
1153    1154    789
1152    793    1154
789    1154    793
783    784    1149
780    1150    784
784    1150    1149
780    1145    1150
1040    1043    1044
1039    1042    1043
1040    1044    1041
764    1041    767
767    1041    1044
1039    1043    1040
755    1002    758
1000    1003    1004
1001    1004    1005
1001    1005    1002
758    1002    1005
1000    1004    1001
1084    1087    1088
1083    1086    1087
1084    1088    1085
746    1085    749
749    1085    1088
1083    1087    1084
1105    1108    1109
1106    1109    1110
1106    1110    1107
737    1107    740
740    1107    1110
1105    1109    1106
1062    1065    1066
1062    1066    1063
1061    1064    1065
728    1063    731
731    1063    1066
1061    1065    1062
917    921    918
916    919    920
917    920    921
719    918    722
722    918    921
916    920    917
939    942    943
939    943    940
938    941    942
710    940    713
713    940    943
938    942    939
895    898    899
894    897    898
895    899    896
701    896    704
704    896    899
894    898    895
692    984    695
982    985    986
983    987    984
695    984    987
983    986    987
982    986    983
961    964    965
961    965    962
960    963    964
683    962    686
686    962    965
960    964    961
873    876    877
872    875    876
873    877    874
674    874    677
677    874    877
872    876    873