#node
0    -0.00999999978000000    -0.00999999978000000
0    0.00999999978000000    -0.00999999978000000
0.159999996000000    0.00999999978000000    -0.00999999978000000
0.159999996000000    -0.00999999978000000    -0.00999999978000000
0    0.00999999978000000    0.00999999978000000
0.159999996000000    0.00999999978000000    0.00999999978000000
0.159999996000000    -0.00999999978000000    0.00999999978000000
0    -0.00999999978000000    0.00999999978000000
0    -0.00333333341000000    -0.00999999978000000
0    0.00333333341000000    -0.00999999978000000
0.00761904754000000    0.00999999978000000    -0.00999999978000000
0.0152380951000000    0.00999999978000000    -0.00999999978000000
0.0228571426000000    0.00999999978000000    -0.00999999978000000
0.0304761901000000    0.00999999978000000    -0.00999999978000000
0.0380952395000000    0.00999999978000000    -0.00999999978000000
0.0457142852000000    0.00999999978000000    -0.00999999978000000
0.0533333346000000    0.00999999978000000    -0.00999999978000000
0.0609523803000000    0.00999999978000000    -0.00999999978000000
0.0685714260000000    0.00999999978000000    -0.00999999978000000
0.0761904791000000    0.00999999978000000    -0.00999999978000000
0.0838095248000000    0.00999999978000000    -0.00999999978000000
0.0914285704000000    0.00999999978000000    -0.00999999978000000
0.0990476161000000    0.00999999978000000    -0.00999999978000000
0.106666669000000    0.00999999978000000    -0.00999999978000000
0.114285715000000    0.00999999978000000    -0.00999999978000000
0.121904761000000    0.00999999978000000    -0.00999999978000000
0.129523814000000    0.00999999978000000    -0.00999999978000000
0.137142852000000    0.00999999978000000    -0.00999999978000000
0.144761905000000    0.00999999978000000    -0.00999999978000000
0.152380958000000    0.00999999978000000    -0.00999999978000000
0.159999996000000    0.00333333341000000    -0.00999999978000000
0.159999996000000    -0.00333333341000000    -0.00999999978000000
0.152380958000000    -0.00999999978000000    -0.00999999978000000
0.144761905000000    -0.00999999978000000    -0.00999999978000000
0.137142852000000    -0.00999999978000000    -0.00999999978000000
0.129523814000000    -0.00999999978000000    -0.00999999978000000
0.121904761000000    -0.00999999978000000    -0.00999999978000000
0.114285715000000    -0.00999999978000000    -0.00999999978000000
0.106666669000000    -0.00999999978000000    -0.00999999978000000
0.0990476161000000    -0.00999999978000000    -0.00999999978000000
0.0914285704000000    -0.00999999978000000    -0.00999999978000000
0.0838095248000000    -0.00999999978000000    -0.00999999978000000
0.0761904791000000    -0.00999999978000000    -0.00999999978000000
0.0685714260000000    -0.00999999978000000    -0.00999999978000000
0.0609523803000000    -0.00999999978000000    -0.00999999978000000
0.0533333346000000    -0.00999999978000000    -0.00999999978000000
0.0457142852000000    -0.00999999978000000    -0.00999999978000000
0.0380952395000000    -0.00999999978000000    -0.00999999978000000
0.0304761901000000    -0.00999999978000000    -0.00999999978000000
0.0228571426000000    -0.00999999978000000    -0.00999999978000000
0.0152380951000000    -0.00999999978000000    -0.00999999978000000
0.00761904754000000    -0.00999999978000000    -0.00999999978000000
0    0.00999999978000000    -0.00333333341000000
0    0.00999999978000000    0.00333333341000000
0.00761904754000000    0.00999999978000000    0.00999999978000000
0.0152380951000000    0.00999999978000000    0.00999999978000000
0.0228571426000000    0.00999999978000000    0.00999999978000000
0.0304761901000000    0.00999999978000000    0.00999999978000000
0.0380952395000000    0.00999999978000000    0.00999999978000000
0.0457142852000000    0.00999999978000000    0.00999999978000000
0.0533333346000000    0.00999999978000000    0.00999999978000000
0.0609523803000000    0.00999999978000000    0.00999999978000000
0.0685714260000000    0.00999999978000000    0.00999999978000000
0.0761904791000000    0.00999999978000000    0.00999999978000000
0.0838095248000000    0.00999999978000000    0.00999999978000000
0.0914285704000000    0.00999999978000000    0.00999999978000000
0.0990476161000000    0.00999999978000000    0.00999999978000000
0.106666669000000    0.00999999978000000    0.00999999978000000
0.114285715000000    0.00999999978000000    0.00999999978000000
0.121904761000000    0.00999999978000000    0.00999999978000000
0.129523814000000    0.00999999978000000    0.00999999978000000
0.137142852000000    0.00999999978000000    0.00999999978000000
0.144761905000000    0.00999999978000000    0.00999999978000000
0.152380958000000    0.00999999978000000    0.00999999978000000
0.159999996000000    0.00999999978000000    0.00333333341000000
0.159999996000000    0.00999999978000000    -0.00333333341000000
0.159999996000000    0.00333333341000000    0.00999999978000000
0.159999996000000    -0.00333333341000000    0.00999999978000000
0.159999996000000    -0.00999999978000000    0.00333333341000000
0.159999996000000    -0.00999999978000000    -0.00333333341000000
0    -0.00999999978000000    0.00333333341000000
0    -0.00999999978000000    -0.00333333341000000
0.152380958000000    -0.00999999978000000    0.00999999978000000
0.144761905000000    -0.00999999978000000    0.00999999978000000
0.137142852000000    -0.00999999978000000    0.00999999978000000
0.129523814000000    -0.00999999978000000    0.00999999978000000
0.121904761000000    -0.00999999978000000    0.00999999978000000
0.114285715000000    -0.00999999978000000    0.00999999978000000
0.106666669000000    -0.00999999978000000    0.00999999978000000
0.0990476161000000    -0.00999999978000000    0.00999999978000000
0.0914285704000000    -0.00999999978000000    0.00999999978000000
0.0838095248000000    -0.00999999978000000    0.00999999978000000
0.0761904791000000    -0.00999999978000000    0.00999999978000000
0.0685714260000000    -0.00999999978000000    0.00999999978000000
0.0609523803000000    -0.00999999978000000    0.00999999978000000
0.0533333346000000    -0.00999999978000000    0.00999999978000000
0.0457142852000000    -0.00999999978000000    0.00999999978000000
0.0380952395000000    -0.00999999978000000    0.00999999978000000
0.0304761901000000    -0.00999999978000000    0.00999999978000000
0.0228571426000000    -0.00999999978000000    0.00999999978000000
0.0152380951000000    -0.00999999978000000    0.00999999978000000
0.00761904754000000    -0.00999999978000000    0.00999999978000000
0    -0.00333333341000000    0.00999999978000000
0    0.00333333341000000    0.00999999978000000
0.00761904754000000    -0.00333333341000000    -0.00999999978000000
0.00761904754000000    0.00333333341000000    -0.00999999978000000
0.0152380951000000    -0.00333333341000000    -0.00999999978000000
0.0152380951000000    0.00333333341000000    -0.00999999978000000
0.0228571426000000    -0.00333333341000000    -0.00999999978000000
0.0228571426000000    0.00333333341000000    -0.00999999978000000
0.0304761901000000    -0.00333333341000000    -0.00999999978000000
0.0304761901000000    0.00333333341000000    -0.00999999978000000
0.0380952395000000    -0.00333333341000000    -0.00999999978000000
0.0380952395000000    0.00333333341000000    -0.00999999978000000
0.0457142852000000    -0.00333333341000000    -0.00999999978000000
0.0457142852000000    0.00333333341000000    -0.00999999978000000
0.0533333346000000    -0.00333333341000000    -0.00999999978000000
0.0533333346000000    0.00333333341000000    -0.00999999978000000
0.0609523803000000    -0.00333333341000000    -0.00999999978000000
0.0609523803000000    0.00333333341000000    -0.00999999978000000
0.0685714260000000    -0.00333333341000000    -0.00999999978000000
0.0685714260000000    0.00333333341000000    -0.00999999978000000
0.0761904791000000    -0.00333333341000000    -0.00999999978000000
0.0761904791000000    0.00333333341000000    -0.00999999978000000
0.0838095248000000    -0.00333333341000000    -0.00999999978000000
0.0838095248000000    0.00333333341000000    -0.00999999978000000
0.0914285704000000    -0.00333333341000000    -0.00999999978000000
0.0914285704000000    0.00333333341000000    -0.00999999978000000
0.0990476161000000    -0.00333333341000000    -0.00999999978000000
0.0990476161000000    0.00333333341000000    -0.00999999978000000
0.106666669000000    -0.00333333341000000    -0.00999999978000000
0.106666669000000    0.00333333341000000    -0.00999999978000000
0.114285715000000    -0.00333333341000000    -0.00999999978000000
0.114285715000000    0.00333333341000000    -0.00999999978000000
0.121904761000000    -0.00333333341000000    -0.00999999978000000
0.121904761000000    0.00333333341000000    -0.00999999978000000
0.129523814000000    -0.00333333341000000    -0.00999999978000000
0.129523814000000    0.00333333341000000    -0.00999999978000000
0.137142852000000    -0.00333333341000000    -0.00999999978000000
0.137142852000000    0.00333333341000000    -0.00999999978000000
0.144761905000000    -0.00333333341000000    -0.00999999978000000
0.144761905000000    0.00333333341000000    -0.00999999978000000
0.152380958000000    -0.00333333341000000    -0.00999999978000000
0.152380958000000    0.00333333341000000    -0.00999999978000000
0.00761904754000000    0.00999999978000000    -0.00333333341000000
0.00761904754000000    0.00999999978000000    0.00333333341000000
0.0152380951000000    0.00999999978000000    -0.00333333341000000
0.0152380951000000    0.00999999978000000    0.00333333341000000
0.0228571426000000    0.00999999978000000    -0.00333333341000000
0.0228571426000000    0.00999999978000000    0.00333333341000000
0.0304761901000000    0.00999999978000000    -0.00333333341000000
0.0304761901000000    0.00999999978000000    0.00333333341000000
0.0380952395000000    0.00999999978000000    -0.00333333341000000
0.0380952395000000    0.00999999978000000    0.00333333341000000
0.0457142852000000    0.00999999978000000    -0.00333333341000000
0.0457142852000000    0.00999999978000000    0.00333333341000000
0.0533333346000000    0.00999999978000000    -0.00333333341000000
0.0533333346000000    0.00999999978000000    0.00333333341000000
0.0609523803000000    0.00999999978000000    -0.00333333341000000
0.0609523803000000    0.00999999978000000    0.00333333341000000
0.0685714260000000    0.00999999978000000    -0.00333333341000000
0.0685714260000000    0.00999999978000000    0.00333333341000000
0.0761904791000000    0.00999999978000000    -0.00333333341000000
0.0761904791000000    0.00999999978000000    0.00333333341000000
0.0838095248000000    0.00999999978000000    -0.00333333341000000
0.0838095248000000    0.00999999978000000    0.00333333341000000
0.0914285704000000    0.00999999978000000    -0.00333333341000000
0.0914285704000000    0.00999999978000000    0.00333333341000000
0.0990476161000000    0.00999999978000000    -0.00333333341000000
0.0990476161000000    0.00999999978000000    0.00333333341000000
0.106666669000000    0.00999999978000000    -0.00333333341000000
0.106666669000000    0.00999999978000000    0.00333333341000000
0.114285715000000    0.00999999978000000    -0.00333333341000000
0.114285715000000    0.00999999978000000    0.00333333341000000
0.121904761000000    0.00999999978000000    -0.00333333341000000
0.121904761000000    0.00999999978000000    0.00333333341000000
0.129523814000000    0.00999999978000000    -0.00333333341000000
0.129523814000000    0.00999999978000000    0.00333333341000000
0.137142852000000    0.00999999978000000    -0.00333333341000000
0.137142852000000    0.00999999978000000    0.00333333341000000
0.144761905000000    0.00999999978000000    -0.00333333341000000
0.144761905000000    0.00999999978000000    0.00333333341000000
0.152380958000000    0.00999999978000000    -0.00333333341000000
0.152380958000000    0.00999999978000000    0.00333333341000000
0.159999996000000    0.00333333341000000    0.00333333341000000
0.159999996000000    -0.00333333341000000    0.00333333341000000
0.159999996000000    0.00333333341000000    -0.00333333341000000
0.159999996000000    -0.00333333341000000    -0.00333333341000000
0.00761904754000000    -0.00999999978000000    0.00333333341000000
0.00761904754000000    -0.00999999978000000    -0.00333333341000000
0.0152380951000000    -0.00999999978000000    0.00333333341000000
0.0152380951000000    -0.00999999978000000    -0.00333333341000000
0.0228571426000000    -0.00999999978000000    0.00333333341000000
0.0228571426000000    -0.00999999978000000    -0.00333333341000000
0.0304761901000000    -0.00999999978000000    0.00333333341000000
0.0304761901000000    -0.00999999978000000    -0.00333333341000000
0.0380952395000000    -0.00999999978000000    0.00333333341000000
0.0380952395000000    -0.00999999978000000    -0.00333333341000000
0.0457142852000000    -0.00999999978000000    0.00333333341000000
0.0457142852000000    -0.00999999978000000    -0.00333333341000000
0.0533333346000000    -0.00999999978000000    0.00333333341000000
0.0533333346000000    -0.00999999978000000    -0.00333333341000000
0.0609523803000000    -0.00999999978000000    0.00333333341000000
0.0609523803000000    -0.00999999978000000    -0.00333333341000000
0.0685714260000000    -0.00999999978000000    0.00333333341000000
0.0685714260000000    -0.00999999978000000    -0.00333333341000000
0.0761904791000000    -0.00999999978000000    0.00333333341000000
0.0761904791000000    -0.00999999978000000    -0.00333333341000000
0.0838095248000000    -0.00999999978000000    0.00333333341000000
0.0838095248000000    -0.00999999978000000    -0.00333333341000000
0.0914285704000000    -0.00999999978000000    0.00333333341000000
0.0914285704000000    -0.00999999978000000    -0.00333333341000000
0.0990476161000000    -0.00999999978000000    0.00333333341000000
0.0990476161000000    -0.00999999978000000    -0.00333333341000000
0.106666669000000    -0.00999999978000000    0.00333333341000000
0.106666669000000    -0.00999999978000000    -0.00333333341000000
0.114285715000000    -0.00999999978000000    0.00333333341000000
0.114285715000000    -0.00999999978000000    -0.00333333341000000
0.121904761000000    -0.00999999978000000    0.00333333341000000
0.121904761000000    -0.00999999978000000    -0.00333333341000000
0.129523814000000    -0.00999999978000000    0.00333333341000000
0.129523814000000    -0.00999999978000000    -0.00333333341000000
0.137142852000000    -0.00999999978000000    0.00333333341000000
0.137142852000000    -0.00999999978000000    -0.00333333341000000
0.144761905000000    -0.00999999978000000    0.00333333341000000
0.144761905000000    -0.00999999978000000    -0.00333333341000000
0.152380958000000    -0.00999999978000000    0.00333333341000000
0.152380958000000    -0.00999999978000000    -0.00333333341000000
0    -0.00333333341000000    0.00333333341000000
0    0.00333333341000000    0.00333333341000000
0    -0.00333333341000000    -0.00333333341000000
0    0.00333333341000000    -0.00333333341000000
0.00761904754000000    0.00333333341000000    0.00999999978000000
0.00761904754000000    -0.00333333341000000    0.00999999978000000
0.0152380951000000    0.00333333341000000    0.00999999978000000
0.0152380951000000    -0.00333333341000000    0.00999999978000000
0.0228571426000000    0.00333333341000000    0.00999999978000000
0.0228571426000000    -0.00333333341000000    0.00999999978000000
0.0304761901000000    0.00333333341000000    0.00999999978000000
0.0304761901000000    -0.00333333341000000    0.00999999978000000
0.0380952395000000    0.00333333341000000    0.00999999978000000
0.0380952395000000    -0.00333333341000000    0.00999999978000000
0.0457142852000000    0.00333333341000000    0.00999999978000000
0.0457142852000000    -0.00333333341000000    0.00999999978000000
0.0533333346000000    0.00333333341000000    0.00999999978000000
0.0533333346000000    -0.00333333341000000    0.00999999978000000
0.0609523803000000    0.00333333341000000    0.00999999978000000
0.0609523803000000    -0.00333333341000000    0.00999999978000000
0.0685714260000000    0.00333333341000000    0.00999999978000000
0.0685714260000000    -0.00333333341000000    0.00999999978000000
0.0761904791000000    0.00333333341000000    0.00999999978000000
0.0761904791000000    -0.00333333341000000    0.00999999978000000
0.0838095248000000    0.00333333341000000    0.00999999978000000
0.0838095248000000    -0.00333333341000000    0.00999999978000000
0.0914285704000000    0.00333333341000000    0.00999999978000000
0.0914285704000000    -0.00333333341000000    0.00999999978000000
0.0990476161000000    0.00333333341000000    0.00999999978000000
0.0990476161000000    -0.00333333341000000    0.00999999978000000
0.106666669000000    0.00333333341000000    0.00999999978000000
0.106666669000000    -0.00333333341000000    0.00999999978000000
0.114285715000000    0.00333333341000000    0.00999999978000000
0.114285715000000    -0.00333333341000000    0.00999999978000000
0.121904761000000    0.00333333341000000    0.00999999978000000
0.121904761000000    -0.00333333341000000    0.00999999978000000
0.129523814000000    0.00333333341000000    0.00999999978000000
0.129523814000000    -0.00333333341000000    0.00999999978000000
0.137142852000000    0.00333333341000000    0.00999999978000000
0.137142852000000    -0.00333333341000000    0.00999999978000000
0.144761905000000    0.00333333341000000    0.00999999978000000
0.144761905000000    -0.00333333341000000    0.00999999978000000
0.152380958000000    0.00333333341000000    0.00999999978000000
0.152380958000000    -0.00333333341000000    0.00999999978000000
0.129629195000000    -1.59930896000000e-05    0.00468111085000000
0.124463528000000    0.000827769109000000    -0.00413417351000000
0.128982067000000    0.00222879625000000    -0.00129211601000000
0.129523814000000    -0.00428701984000000    -0.00237964629000000
0.128872976000000    -0.00584703544000000    0.00628378475000000
0.118295789000000    -0.00175163872000000    -0.00163003849000000
0.124477856000000    0.00464004371000000    0.00151362747000000
0.134256065000000    -0.00355019234000000    0.00237393007000000
0.0563407242000000    -0.00500306021000000    -0.000901957625000000
0.0507151186000000    -0.00284580723000000    -0.00505567109000000
0.0500744432000000    -0.00498276995000000    0.00189298193000000
0.0536708497000000    -0.000419985852000000    0.00330836023000000
0.0603174604000000    -0.000555552135000000    0.00366801233000000
0.0634920597000000    -0.00111111440000000    -0.00333333295000000
0.0561568737000000    0.000945436885000000    -0.00492664194000000
0.0646556988000000    -0.00499807391000000    0.00110998936000000
0.121117912000000    0.00531023322000000    -0.00655264687000000
0.111575790000000    0.000350631773000000    0.00497083087000000
0.109598666000000    0.00434752600000000    0.00108150998000000
0.116829187000000    0.00386003079000000    0.00425629038000000
0.152812362000000    0.00403773831000000    0.000925511413000000
0.155824423000000    -0.00577735715000000    0.00548721105000000
0.148832396000000    -0.00398500590000000    0.00313000381000000
0.110940322000000    0.00535833417000000    0.00552665675000000
0.0656287447000000    0.00448467350000000    0.00418043975000000
0.111271054000000    -0.00506615080000000    0.00748644862000000
0.111585498000000    -0.00379970693000000    -0.000977098825000000
0.103975303000000    -0.00117981981000000    0.00160261302000000
0.102075450000000    -0.00517761614000000    0.00242612557000000
0.103240550000000    0.00546473172000000    0.00450583547000000
0.0973707438000000    0.00328032672000000    -0.00301857921000000
0.0890375152000000    0.00563159492000000    0.00261745462000000
0.0887202248000000    0.00143832411000000    -0.00299159973000000
0.0943738371000000    -0.00355213834000000    -0.00430966169000000
0.102484398000000    0.00340746064000000    -0.00404625200000000
0.0943162292000000    0.00672944263000000    -0.00558856130000000
0.00453423942000000    0.000191055602000000    -0.00609316491000000
0.00461213756000000    -0.00585599476000000    8.88842842000000e-05
0.00425144145000000    -0.00521113258000000    -0.00555312959000000
0.0719783306000000    0.000352314208000000    -0.00505110016000000
0.0722569525000000    -0.00521151768000000    -0.00512523809000000
0.0654166639000000    -0.00506296847000000    -0.00570554007000000
0.0330158770000000    -0.00111111440000000    -0.00333333295000000
0.0333531685000000    -0.00561516592000000    -0.00515332259000000
0.0725639537000000    0.00533913821000000    -0.00336459954000000
0.0779262409000000    0.00350810168000000    -0.00114038435000000
0.0708432570000000    -0.00305244047000000    0.000962423219000000
0.0760234967000000    -0.00343089295000000    -0.00305485260000000
0.118341312000000    0.00455079414000000    -0.00222991104000000
0.109404765000000    -0.00561872358000000    -0.00524724368000000
0.101948678000000    -0.00486174738000000    -0.00499272253000000
0.110727385000000    -0.000607534719000000    -0.00482358923000000
0.0112626683000000    -0.00269961939000000    -0.00290374923000000
0.0193026625000000    -0.00408519059000000    0.00105422642000000
0.0101734456000000    -0.00338080549000000    0.00523819309000000
0.0199603159000000    -0.00322770560000000    -0.00509560341000000
0.0105533982000000    -0.00550502865000000    -0.00509746838000000
0.0115976920000000    0.00351258134000000    0.00102959829000000
0.00524928654000000    0.00456538890000000    -0.00136776397000000
0.00487320591000000    -0.000357847923000000    0.00507193804000000
0.110064007000000    0.00509352563000000    -0.00543930288000000
0.118142240000000    -0.00557696680000000    -0.00611184351000000
0.124453351000000    -0.00530595612000000    -0.00378473755000000
0.126944438000000    -0.00465111108000000    0.00114582689000000
0.116321541000000    -0.00514817378000000    0.00594120007000000
0.0808155015000000    0.00428144541000000    0.00383112556000000
0.0860358626000000    -0.000610078627000000    0.00369651197000000
0.0874498188000000    0.00662067346000000    0.00640396588000000
0.0737137944000000    0.00278964895000000    0.00427739136000000
0.0805516466000000    -0.00323383743000000    0.00125560968000000
0.0487228036000000    0.00205862895000000    -0.000919856073000000
0.0421569608000000    -0.00466169184000000    0.00133308186000000
0.0961376354000000    0.00270871050000000    0.00495183794000000
0.0809018314000000    -0.00631388556000000    0.00515518710000000
0.0643458813000000    -0.00284630386000000    0.00577091100000000
0.0718045458000000    0.00561843952000000    0.00638272287000000
0.0259803664000000    0.00238574739000000    -0.00303391367000000
0.0270211436000000    -0.00460239174000000    -0.00521517638000000
0.0353937298000000    0.00555235893000000    -0.00516321417000000
0.0335476622000000    0.00571946567000000    0.000699763594000000
0.0200941786000000    0.00465492159000000    0.00351296645000000
0.0258532930000000    0.00466945535000000    0.00479482580000000
0.134215698000000    -0.000109113826000000    -0.00443396764000000
0.0183904078000000    0.00484136585000000    -0.00517824432000000
0.155432537000000    0.00562314223000000    -0.00595400063000000
0.0265873019000000    -0.00595967611000000    0.00601488166000000
0.0281746015000000    -0.00457414566000000    0.00118054950000000
0.0193650741000000    -0.00638888497000000    0.00616800180000000
0.0338381119000000    0.00176637503000000    0.00480796071000000
0.0406751968000000    0.00392748928000000    0.00187627936000000
0.0380952433000000    0.00333333295000000    -0.00333333295000000
0.0955812037000000    -0.00585703878000000    0.00499750627000000
0.0868570805000000    -0.00494142901000000    -0.000888873241000000
0.0823428556000000    5.19420719000000e-05    -0.00480687618000000
0.0866172239000000    -0.00566722965000000    -0.00498649944000000
0.0879716724000000    -0.00648933323000000    0.00623531872000000
0.144086465000000    0.000362996536000000    -0.00330046518000000
0.149206355000000    -0.00566934794000000    -0.00611111382000000
0.152685985000000    -0.000728668703000000    -0.00446670409000000
0.0362786986000000    -0.00532189850000000    0.00281125703000000
0.00397197809000000    0.00676554348000000    -0.00665953103000000
0.0416901112000000    -0.00463487441000000    -0.00501084421000000
0.0487001203000000    0.00580873527000000    0.00475065736000000
0.147576526000000    0.00517641008000000    -0.00564545952000000
0.137070253000000    0.00329660368000000    0.00313484832000000
0.132152632000000    0.00516094407000000    0.00512565393000000
0.155400723000000    -0.00551118050000000    -0.000856978295000000
0.0801369846000000    0.00607019896000000    -0.00676613115000000
0.0723025650000000    -0.00590538280000000    0.00509859296000000
0.0274485685000000    0.00638541859000000    -0.00627309224000000
0.00453414815000000    -0.00557304453000000    0.00489581143000000
0.141068026000000    0.00499860104000000    0.00669684820000000
0.148657039000000    0.00468386756000000    0.00537736760000000
0.141219750000000    -0.00210950687000000    0.00325438101000000
0.133950874000000    -0.00514384592000000    -0.00516872760000000
0.141420290000000    -0.00556037575000000    -0.00585551839000000
0.0577777699000000    0.00611110358000000    -0.00566934794000000
0.141026124000000    0.00531718554000000    -0.00597986532000000
0.155931711000000    0.00386138889000000    0.00576547859000000
0.141091272000000    -0.00503535056000000    0.00649702596000000
0.0582539663000000    -0.00492136180000000    -0.00569444243000000
0.0491468348000000    0.00616571121000000    -0.00599168241000000
0.0426872671000000    0.00512441713000000    -0.00582274189000000
0.0417632237000000    0.00607621903000000    0.00593345705000000
0.0559328906000000    0.00534177339000000    0.00386880757000000
0.0118961688000000    0.00597150391000000    0.00601396943000000
0.00448477035000000    0.00536115142000000    0.00543621136000000
0.0648738891000000    0.00510343770000000    -0.00640578009000000
0.133064926000000    0.00363890431000000    -0.00156213378000000
0.134083807000000    0.00594912563000000    -0.00619937992000000
0.0871369466000000    0.00655179564000000    -0.00609263778000000
0.128809512000000    0.00595913921000000    -0.00722081959000000
0.0571800061000000    -0.00575700589000000    0.00601028046000000
0.0791454315000000    -0.00565554388000000    -0.00506216800000000
0.156523734000000    -0.00615418795000000    -0.00640270906000000
0.0120738260000000    0.00576480990000000    -0.00501429010000000
0.102282815000000    -0.00711192889000000    0.00609237421000000
#element
273    274    275    276
266    273    268    277
264    278    279    273
264    279    263    273
266    273    277    264
273    268    277    280
281    282    283    284
281    285    286    287
281    285    288    286
203    285    288    281
177    27    289    26
290    278    291    292
293    294    272    295
290    292    296    261
286    159    285    297
217    215    298    299
300    298    290    260
215    301    298    300
296    259    302    290
290    259    302    300
303    304    167    305
129    303    130    306
307    129    303    130
303    167    308    305
303    305    128    306
231    309    310    311
303    169    23    308
312    313    314    121
315    113    316    111
122    317    286    312
312    123    313    121
312    318    124    317
312    318    319    320
312    320    123    124
278    321    289    134
274    279    175    321
175    274    177    279
321    292    176    174
174    321    291    173
321    176    292    279
173    134    25    289
274    321    289    278
321    278    292    291
299    322    323    324
324    278    291    299
324    300    299    291
324    323    300    307
324    133    278    299
324    299    322    133
325    326    327    191
325    326    192    328
325    311    105    329
325    330    331    332
289    321    173    134
291    321    278    333
278    220    334    335
321    278    274    279
278    335    334    274
274    336    273    278
290    337    278    292
165    338    318    305
305    338    318    339
338    340    166    65
338    304    165    166
338    252    341    342
343    282    283    344
339    338    252    254
338    341    164    318
64    338    65    253
345    255    339    256
254    339    346    252
338    304    305    165
341    342    319    318
341    347    319    250
297    347    319    341
341    162    317    297
341    317    162    164
348    164    251    341
64    348    164    251
349    315    350    112
349    351    352    315
349    353    354    150
349    151    352    351
349    152    352    151
349    150    354    152
276    137    274    355
356    326    349    353
357    31    144    3
326    358    359    354
349    359    326    350
322    133    38    39
326    354    238    358
326    236    360    238
351    349    112    315
349    361    352    354
282    118    115    116
352    361    362    154
352    351    153    363
154    153    362    352
305    364    345    339
365    366    305    367
365    305    366    339
365    305    306    367
365    209    368    339
365    342    209    339
325    189    190    192
305    128    127    125
347    203    205    95
66    340    168    255
369    370    141    371
340    168    255    304
227    294    295    83
303    304    305    345
304    255    345    168
318    305    366    165
338    304    166    340
359    350    196    194
326    350    359    194
359    195    372    240
359    196    372    195
373    2    145    11
359    240    372    361
372    344    98    197
363    372    361    315
372    315    363    374
375    243    284    245
372    359    315    316
372    316    315    374
359    196    316    372
293    376    181    183
274    177    279    275
273    267    377    378
338    341    251    164
199    242    97    244
334    322    38    218
278    337    299    217
295    228    379    227
334    322    299    133
334    37    335    220
334    218    38    37
217    278    334    299
338    339    340    253
338    304    340    339
318    366    380    165
342    319    381    341
341    250    319    381
318    124    366    320
338    65    253    340
312    124    318    320
176    279    70    292
382    112    110    14
332    103    383    234
319    250    205    381
381    94    250    205
381    93    94    207
381    346    252    93
384    73    385    182
386    384    377    267
377    72    378    267
384    377    180    182
180    72    378    377
341    297    348    162
319    317    286    297
317    297    162    161
310    231    81    229
280    355    387    276
387    388    224    35
387    222    36    35
389    17    157    159
387    355    388    139
273    378    265    267
386    377    268    267
386    268    377    280
179    390    181    377
369    388    139    141
267    384    377    72
386    377    355    280
294    227    295    379
294    227    79    83
294    379    186    79
294    272    83    7
294    7    79    78
293    184    181    182
78    391    186    294
386    369    385    295
386    295    270    392
386    295    392    225
386    369    295    226
295    227    84    225
314    44    313    206
314    286    204    288
314    119    393    286
314    204    393    45
119    122    286    314
314    204    45    44
349    112    110    382
349    356    149    382
349    359    350    315
382    14    351    112
349    326    354    353
354    349    359    326
356    110    382    349
382    13    151    14
382    151    13    149
394    395    155    16
343    389    118    394
385    269    272    271
13    110    382    356
394    343    395    116
394    17    16    157
394    17    389    118
337    262    87    264
337    262    88    87
274    136    135    334
337    298    217    88
375    396    60    156
375    397    343    158
375    61    397    158
375    60    245    61
327    332    383    234
310    332    229    383
310    81    383    229
332    229    383    103
383    8    81    189
383    8    102    103
398    55    399    233
233    330    235    327
378    267    72    71
353    330    398    148
236    353    326    327
330    146    398    148
353    398    330    235
398    55    235    56
286    389    120    287
389    18    400    120
389    397    343    287
389    17    159    18
287    343    389    118
286    287    285    389
394    157    389    17
343    397    284    287
375    284    343    397
375    158    343    156
395    362    374    343
292    69    70    174
374    282    116    343
277    264    86    266
394    395    343    155
343    282    284    283
353    148    398    56
390    376    142    29
401    390    179    377
355    390    369    140
369    390    376    142
390    140    28    29
390    28    402    179
390    28    140    402
179    377    180    401
315    351    363    114
351    363    114    395
352    315    351    363
351    363    395    153
352    153    351    151
305    403    126    366
403    165    305    167
403    308    22    167
403    22    308    128
403    21    22    126
356    147    149    12
305    126    403    128
274    137    335    135
274    138    136    404
274    275    138    404
321    289    175    274
279    175    176    178
276    336    274    335
278    274    336    335
405    95    248    246
405    96    95    246
285    405    203    347
281    405    203    285
405    203    96    201
281    283    201    284
284    283    201    246
246    284    405    201
365    406    342    366
367    406    125    42
210    406    342    365
370    141    371    143
367    210    42    41
364    368    339    365
305    367    127    306
365    367    306    212
127    41    306    367
319    320    342    207
339    346    209    368
368    346    92    254
368    91    364    256
368    92    91    254
256    364    368    339
302    296    68    259
302    290    291    296
296    68    69    172
296    291    174    292
290    291    296    292
296    172    69    174
281    393    286    204
314    286    393    204
281    282    393    202
384    269    385    73
393    46    45    202
393    282    46    202
369    376    390    181
369    376    371    142
357    376    293    183
390    376    29    181
376    30    357    144
376    183    30    29
319    208    313    320
380    318    124    366
317    297    400    286
312    319    313    320
314    312    286    319
319    208    320    207
347    249    341    297
113    395    114    363
347    319    288    297
316    359    315    350
372    374    344    198
315    316    350    111
196    49    350    316
316    48    196    49
316    198    196    48
374    198    316    113
381    346    93    207
346    92    252    93
342    338    252    339
342    339    346    209
346    342    209    207
368    92    346    209
375    343    284    243
284    283    244    343
343    282    118    287
153    362    352    363
391    77    271    78
362    343    243    244
344    362    242    244
344    362    372    242
352    363    362    361
370    34    388    141
369    295    370    371
295    272    270    83
295    370    371    228
370    226    34    33
370    407    228    33
370    407    371    228
356    13    12    149
391    77    185    6
356    408    147    12
293    183    181    184
330    408    331    145
404    402    138    27
313    320    208    406
313    123    320    406
341    319    297    317
341    251    348    249
362    396    241    243
319    206    313    208
319    313    314    312
312    320    313    123
285    247    297    397
297    247    62    160
297    162    63    348
297    62    63    160
322    323    39    216
324    131    322    323
322    216    39    38
322    218    216    38
299    322    218    216
311    105    1    9
372    374    198    316
362    363    372    361
335    222    276    336
335    137    37    135
335    220    37    36
222    219    336    335
335    36    222    220
274    355    137    138
359    361    372    315
358    99    240    238
358    360    100    238
358    238    100    99
359    354    358    240
326    193    359    358
326    193    358    360
386    223    392    280
386    392    268    280
386    268    392    270
295    392    84    270
386    225    392    223
376    357    371    144
357    371    31    187
357    76    30    183
372    362    374    363
357    30    76    3
325    107    105    108
357    3    76    31
293    391    184    385
391    74    385    271
293    391    186    185
391    6    184    74
391    75    6    185
391    6    75    184
373    106    10    11
328    194    192    50
328    192    51    50
231    331    310    309
328    356    326    349
107    328    108    325
325    309    106    105
300    260    259    257
370    407    33    143
407    80    379    228
407    228    33    4
407    228    4    80
325    330    408    331
330    145    331    146
293    369    376    371
325    327    310    189
326    330    356    325
398    56    148    146
353    56    235    237
401    377    180    378
153    395    362    363
351    153    395    15
395    16    114    15
155    153    395    362
394    395    16    116
374    395    343    116
332    399    230    104
310    229    332    231
310    82    311    190
309    310    311    325
353    326    330    356
310    81    82    190
310    383    81    189
293    369    295    385
369    384    385    182
386    295    269    270
385    74    73    271
385    73    269    271
385    182    74    184
188    293    379    186
313    406    208    43
319    288    206    205
320    366    342    406
318    320    366    342
312    121    314    122
314    121    313    44
314    122    286    312
373    331    53    232
373    408    106    11
309    232    373    10
295    225    226    228
373    232    53    2
373    232    2    10
354    58    152    150
325    356    326    328
109    349    110    328
325    309    331    106
359    195    358    193
349    353    150    149
354    57    58    150
332    310    331    325
147    353    330    356
57    354    353    150
293    369    182    181
332    399    331    230
399    233    5    104
399    233    55    5
332    399    104    233
372    195    198    197
399    331    54    146
399    54    55    146
293    371    357    187
371    187    32    31
376    371    142    144
369    371    141    142
394    343    157    155
293    295    371    379
357    31    371    144
298    337    299    290
325    107    192    329
329    190    52    51
298    262    337    290
329    51    192    190
329    107    51    52
325    189    310    190
281    285    284    405
281    282    284    287
115    374    282    116
282    46    47    117
282    47    115    117
393    46    282    117
339    365    305    364
303    300    345    306
41    306    367    212
306    212    41    40
301    306    300    323
307    300    303    323
373    2    53    145
280    268    377    273
378    71    279    265
273    401    377    280
378    71    72    178
386    369    384    385
378    72    180    178
275    355    280    276
401    275    138    355
386    369    388    355
276    280    221    387
387    355    139    137
401    355    377    280
355    140    137    138
369    377    182    181
373    408    11    145
325    330    356    408
309    231    232    10
408    11    147    12
373    408    331    106
325    408    106    331
219    336    335    278
372    361    240    242
356    408    12    108
333    171    291    173
300    290    291    302
291    307    172    171
373    408    145    331
302    291    300    307
297    397    160    159
365    342    339    366
347    319    205    288
368    346    254    339
186    294    293    379
300    216    301    323
311    52    1    105
301    306    323    214
345    300    302    257
302    291    307    172
302    257    300    259
299    215    298    300
215    216    301    300
375    362    243    396
343    155    362    156
408    12    106    11
375    284    397    245
363    395    362    374
325    332    327    330
332    331    232    230
340    168    166    66
330    331    332    399
309    373    331    106
373    53    331    145
331    310    309    325
329    52    311    105
311    82    1    52
311    82    9    1
325    310    311    190
309    311    9    105
389    159    286    400
389    397    159    157
244    343    243    284
281    285    287    284
287    286    119    120
282    374    344    343
371    188    293    379
407    371    379    188
295    371    379    228
294    379    79    227
379    80    79    227
379    80    188    186
294    295    83    272
294    293    379    295
388    34    226    224
388    224    35    34
392    84    270    268
387    388    386    224
387    388    35    139
326    328    350    194
328    350    109    349
324    134    278    133
354    358    240    238
356    108    13    110
351    15    395    114
352    315    363    361
315    363    374    113
372    344    197    198
315    114    363    113
362    372    242    361
303    170    345    302
24    307    333    171
307    171    24    23
299    290    278    291
290    278    337    299
307    171    23    169
300    303    323    306
302    307    169    172
303    302    307    169
392    85    223    225
392    268    85    84
386    269    267    270
386    385    384    269
293    369    385    182
304    340    339    255
343    395    362    155
295    370    228    226
386    369    355    377
268    377    273    267
341    250    252    249
337    264    292    262
321    279    175    176
292    70    176    174
292    279    263    264
292    263    70    69
278    336    273    264
408    108    106    12
69    292    296    174
290    299    300    291
330    146    148    145
324    291    307    300
375    362    396    156
273    266    268    265
362    156    155    153
241    362    154    396
361    241    362    154
396    243    59    241
374    344    343    362
349    352    361    315
396    243    60    59
396    60    156    154
309    10    373    106
309    9    10    106
399    54    331    230
330    147    145    148
309    9    106    105
331    54    53    230
289    278    136    274
326    327    353    330
264    292    278    337
264    87    219    277
274    136    138    135
334    136    135    133
279    292    278    264
177    175    289    274
336    222    276    221
221    276    336    280
273    278    279    274
366    367    365    406
342    406    210    208
313    406    43    123
406    208    43    42
318    342    366    339
320    406    342    208
367    406    42    210
285    297    288    286
317    122    20    124
369    355    139    388
319    288    297    286
350    194    49    196
281    393    287    286
281    202    393    204
286    120    400    122
338    251    341    252
347    285    247    297
403    366    165    380
328    109    50    51
305    366    126    125
403    126    366    380
339    305    366    318
312    319    317    286
341    319    317    318
297    400    286    159
342    381    207    346
400    19    18    161
307    323    129    131
317    400    297    161
338    341    318    342
314    288    204    206
400    18    159    161
404    275    138    401
392    225    84    85
273    280    277    336
85    268    223    277
279    176    70    71
273    401    378    377
372    344    242    98
279    176    71    178
279    265    70    263
290    298    262    260
356    108    12    13
216    299    322    323
324    307    131    323
324    133    322    131
220    278    334    217
134    333    324    278
323    303    129    306
323    214    40    39
324    132    134    131
322    39    323    131
301    323    216    214
323    40    129    131
290    259    300    260
305    306    127    128
365    306    211    212
364    91    211    213
364    301    409    213
301    213    306    214
364    91    90    256
213    364    90    409
343    282    116    118
305    403    366    165
338    318    339    342
303    167    169    308
393    282    287    117
165    305    167    304
365    210    367    212
305    367    366    125
308    305    128    303
286    389    285    159
285    284    397    287
347    405    248    285
285    247    397    245
400    286    389    120
343    397    157    158
285    284    405    246
285    284    246    245
326    194    359    193
353    238    235    236
358    100    360    193
191    236    326    327
360    236    101    100
360    236    191    101
386    280    224    223
386    369    226    388
355    402    401    390
375    156    343    362
279    274    275    273
277    266    86    85
386    388    226    224
384    73    180    72
316    49    113    48
268    223    277    280
273    275    279    378
393    119    46    117
333    134    132    25
301    345    258    300
303    302    300    307
300    257    258    260
302    170    68    172
302    68    67    259
302    67    257    259
354    361    152    239
241    239    58    152
372    196    198    195
372    197    99    195
350    194    50    49
349    354    359    361
241    152    59    154
372    316    198    196
312    121    122    124
319    206    314    313
297    159    162    161
397    157    158    160
393    287    119    117
365    211    368    209
317    19    163    20
281    393    282    287
375    245    397    61
397    61    247    62
397    159    157    160
297    397    247    160
397    160    158    62
287    118    120    117
390    140    355    402
273    276    275    280
333    321    278    134
401    378    180    178
308    22    169    23
308    303    130    23
403    305    128    308
130    128    308    23
381    342    252    346
303    128    308    130
303    304    345    168
308    167    169    22
301    306    213    364
303    130    306    128
303    345    300    302
345    67    302    170
303    302    169    170
340    339    255    253
310    383    327    332
401    402    404    177
332    230    103    104
332    230    232    229
332    331    231    232
275    355    274    138
332    229    232    231
327    332    234    233
327    330    332    233
154    361    241    152
306    214    213    211
20    21    380    124
138    402    401    355
365    211    209    212
349    350    326    328
365    209    342    210
222    387    137    276
276    222    335    137
252    339    346    342
319    286    314    288
288    206    205    203
136    278    334    274
327    234    383    102
304    168    167    165
126    366    123    125
323    299    300    216
296    259    261    68
279    175    178    177
364    258    256    90
403    21    126    380
330    408    145    147
289    25    26    134
391    78    271    272
311    82    52    190
329    105    107    52
350    111    49    50
329    192    51    107
328    325    107    192
109    328    50    350
327    236    235    233
349    354    352    152
328    51    192    107
273    267    265    268
355    388    386    387
401    275    355    280
401    275    378    178
289    134    26    136
289    175    26    25
326    191    194    193
328    110    107    108
302    172    169    170
281    283    282    202
261    69    292    296
320    123    124    366
303    305    306    345
20    163    317    380
341    164    162    348
124    21    380    126
366    123    124    126
380    20    165    21
251    253    338    64
165    380    163    20
278    219    337    217
281    201    202    204
314    45    393    119
116    395    114    113
285    405    248    246
343    157    155    158
199    201    283    244
329    311    52    190
276    336    273    274
27    177    404    402
328    110    109    107
325    326    330    327
237    57    354    353
349    356    110    328
282    202    283    200
349    351    382    151
315    112    114    111
347    285    297    288
400    122    317    286
312    317    124    122
401    177    275    178
319    207    381    205
314    45    119    121
281    201    283    202
159    285    297    397
318    163    317    164
303    168    170    167
300    299    290    298
250    249    341    347
387    280    221    224
239    361    152    241
309    325    311    105
325    189    192    191
325    329    192    190
327    236    353    235
331    230    53    232
382    356    149    13
331    146    145    53
224    387    222    221
327    234    236    233
344    343    244    283
277    85    268    266
371    357    376    293
353    148    57    150
353    150    149    147
386    369    377    384
295    272    385    269
293    369    371    295
293    369    181    376
386    295    225    226
321    174    176    173
369    390    142    140
386    270    267    268
303    170    169    167
401    180    177    178
355    140    139    137
182    377    180    179
369    139    355    140
309    231    10    9
290    261    259    262
296    261    69    68
337    87    88    219
290    261    296    259
290    337    292    262
403    167    22    21
301    345    306    364
324    333    307    291
290    260    262    259
302    296    172    68
345    168    67    170
274    289    404    136
339    254    256    253
292    69    261    263
278    220    219    217
368    256    254    91
347    285    248    247
368    211    91    92
338    163    166    165
338    164    251    64
318    165    380    163
348    63    64    162
63    348    64    251
341    348    297    249
338    339    253    254
338    254    253    251
347    247    248    250
63    249    348    251
297    249    62    247
319    342    381    207
347    205    250    94
287    285    389    397
317    161    162    164
397    160    62    247
248    405    347    95
164    64    162    348
284    245    243    246
375    245    60    243
401    179    402    177
405    203    95    96
281    405    201    203
246    201    244    283
362    344    343    244
96    244    201    97
375    60    396    243
362    241    361    242
244    344    199    242
216    299    300    215
361    242    239    240
372    195    99    240
98    242    97    199
372    98    242    240
354    237    238    240
372    197    98    99
354    237    240    239
374    198    113    48
359    196    195    193
326    328    194    192
133    278    334    136
231    332    310    331
326    354    353    238
360    100    238    236
326    360    358    238
325    326    191    192
360    100    101    193
398    55    233    235
327    236    101    191
325    107    329    105
332    104    103    234
332    103    230    229
327    234    101    236
338    254    251    252
354    361    239    240
349    152    151    149
404    289    27    136
310    81    190    189
331    53    54    146
325    310    327    332
330    233    399    332
332    234    233    104
399    104    5    54
275    177    279    178
383    234    103    102
345    256    258    255
330    399    398    146
327    191    101    102
399    230    104    54
383    8    189    102
293    371    187    188
371    142    144    141
369    370    226    388
27    402    138    28
407    371    32    143
383    103    229    8
370    371    407    143
407    32    188    4
407    371    228    379
293    75    391    185
376    144    142    30
294    79    186    78
295    227    225    228
370    228    226    33
140    138    402    28
340    166    65    66
293    295    272    385
391    272    385    293
371    141    144    143
377    390    369    355
225    295    392    84
295    227    83    84
295    270    84    83
369    370    388    141
369    142    141    139
293    188    185    186
402    140    355    138
386    384    267    269
387    35    36    139
387    139    36    137
220    222    335    219
277    86    87    221
294    78    272    7
221    387    222    276
178    378    71    279
290    262    292    261
36    387    137    222
282    200    115    47
221    219    336    222
275    177    404    274
399    54    5    55
177    274    289    404
337    219    264    87
280    221    224    223
337    88    217    219
334    37    220    218
365    306    364    211
299    215    216    218
306    364    345    305
365    364    368    211
277    221    223    86
273    279    263    265
301    213    214    216
334    38    322    133
380    163    317    318
345    364    258    256
338    304    339    305
315    351    114    112
219    277    336    264
298    89    88    260
292    261    264    263
323    39    216    214
323    40    306    129
292    174    321    291
304    305    345    339
364    213    90    91
165    318    338    163
323    39    40    131
368    211    364    91
306    40    214    212
320    406    123    366
341    342    252    381
341    251    249    252
306    214    211    212
406    367    365    210
257    345    67    302
367    41    212    210
305    367    125    127
367    406    366    125
301    409    298    260
345    168    66    67
402    179    28    27
368    92    209    211
345    339    364    256
401    138    404    402
273    277    264    336
406    42    210    208
319    207    205    208
305    125    126    128
403    167    21    165
313    208    206    43
342    208    210    207
288    203    204    206
312    124    123    121
381    250    94    93
381    93    252    250
347    205    94    95
285    245    248    247
314    206    204    44
347    247    250    249
347    285    288    203
317    400    19    122
405    347    95    203
389    285    159    397
201    405    246    96
350    111    109    112
281    286    288    204
287    117    120    119
317    400    161    19
317    163    161    164
96    201    244    246
297    161    400    159
282    200    46    202
201    284    405    281
334    274    335    135
359    240    358    195
374    113    116    115
285    245    246    248
344    98    197    199
112    349    110    109
344    283    244    199
347    249    297    247
344    200    283    199
374    115    200    47
315    374    316    113
374    282    200    115
316    198    48    113
372    240    99    98
406    123    125    43
347    288    205    203
375    61    158    156
358    195    240    99
250    347    319    205
396    59    60    154
278    136    133    134
49    350    316    111
372    374    362    344
349    361    359    315
336    280    277    221
347    248    95    94
58    152    59    241
360    101    191    193
328    50    350    194
349    350    109    112
327    234    102    101
311    231    9    82
349    356    353    149
382    351    349    112
354    239    58    57
328    107    109    51
273    265    263    266
321    289    173    175
310    231    311    82
310    231    82    81
320    342    207    208
353    148    56    57
264    278    219    337
383    229    81    8
309    373    232    331
379    186    79    80
407    33    143    32
371    187    188    32
407    188    80    4
72    384    377    180
371    143    31    32
371    144    31    143
293    187    75    185
369    295    226    370
391    272    294    78
294    7    83    79
369    377    384    182
76    357    293    183
357    187    31    76
391    74    271    77
391    184    385    74
293    184    391    75
353    398    235    56
391    6    74    77
271    391    272    385
379    80    227    228
293    385    184    182
385    182    73    74
376    29    181    183
376    183    357    30
342    210    209    207
346    252    92    254
293    187    76    75
394    343    116    118
391    185    77    186
277    223    85    86
391    78    186    77
384    73    72    269
321    278    279    292
343    284    282    287
221    277    336    219
181    377    182    179
401    179    177    180
275    378    178    279
351    15    114    112
345    300    257    258
390    402    401    179
378    267    71    265
345    67    66    257
390    401    355    377
298    217    88    89
398    233    330    235
276    355    387    137
374    115    47    48
291    173    171    174
336    264    278    219
401    177    404    275
278    133    334    299
321    173    333    291
345    255    258    257
324    299    300    323
392    280    223    268
294    391    186    293
291    171    172    174
295    269    270    272
384    73    182    180
321    173    176    175
384    267    269    72
364    365    305    306
296    174    291    172
330    399    146    331
324    333    134    132
187    76    357    293
324    134    133    131
293    272    294    391
277    87    219    221
23    303    130    307
334    299    322    218
297    63    162    160
273    263    264    266
386    295    385    269
327    191    102    189
307    169    23    303
301    260    300    258
189    310    383    327
341    381    252    250
324    131    307    132
301    258    409    260
301    215    213    216
299    217    215    218
307    130    24    132
386    223    226    225
394    343    389    157
377    390    181    369
304    166    340    168
134    321    173    333
276    275    355    274
280    276    336    273
367    41    42    127
304    339    345    255
325    191    327    189
333    134    25    173
299    217    218    334
302    170    67    68
306    127    130    129
346    207    209    93
365    212    209    210
352    361    154    152
297    159    160    162
345    66    255    257
317    19    161    163
297    249    348    63
315    350    112    111
351    14    151    153
307    323    303    129
359    354    240    361
327    102    383    189
338    65    166    164
347    248    94    250
353    238    237    235
368    256    339    254
395    15    153    155
389    159    400    18
319    288    314    206
214    323    40    306
282    200    47    46
362    241    242    244
397    61    62    158
344    197    200    199
281    204    288    203
301    298    300    260
361    239    242    241
282    118    117    115
298    409    215    89
199    202    200    283
281    203    201    204
389    287    118    120
330    147    356    408
325    408    108    106
389    120    118    18
351    15    14    153
285    284    245    397
325    108    105    106
394    16    155    157
393    204    202    45
396    154    241    59
381    94    205    207
297    249    63    62
353    356    147    149
317    312    318    319
325    329    190    311
362    153    154    156
350    196    316    359
359    194    196    193
374    198    47    200
238    353    326    236
353    237    57    56
122    121    314    119
282    118    287    117
358    195    99    100
301    409    213    215
309    311    231    9
352    152    154    151
362    396    156    154
398    330    233    399
328    108    325    356
309    331    232    231
382    151    351    14
152    239    58    354
278    333    324    291
134    278    136    289
27    289    26    136
319    205    206    208
324    333    132    307
382    14    110    13
258    301    409    364
375    61    156    60
327    353    330    235
358    193    195    100
353    150    147    148
289    173    175    25
351    112    14    15
148    147    353    330
303    304    168    167
306    364    211    213
398    56    146    55
316    49    111    113
352    354    361    152
353    238    354    237
292    261    262    264
350    109    111    50
408    11    145    147
317    380    124    20
200    374    344    282
273    401    280    275
163    318    338    164
398    146    399    55
305    167    308    403
374    115    48    113
403    380    165    21
393    119    45    46
325    356    108    408
303    345    170    168
394    116    16    17
313    206    44    43
373    11    10    2
346    92    93    209
403    128    126    22
326    191    192    194
407    4    33    32
392    268    223    85
407    188    379    80
409    258    90    89
279    70    292    263
274    135    138    137
278    219    220    335
277    264    87    86
407    371    188    32
88    262    337    298
370    143    33    34
293    184    75    183
357    3    144    30
390    29    28    181
390    142    140    29
293    188    187    185
390    28    179    181
370    143    34    141
388    141    34    35
376    29    30    142
386    223    224    226
370    226    388    34
386    387    280    355
177    404    289    27
224    387    280    386
293    183    75    76
387    35    224    222
301    215    298    409
388    139    141    35
27    404    136    138
395    15    155    16
26    175    289    177
369    139    140    142
335    137    36    37
137    222    335    36
395    16    116    114
395    374    113    116
273    401    275    378
177    179    402    27
307    129    130    132
363    374    113    395
273    378    279    265
334    37    38    135
298    88    262    260
334    217    218    220
409    364    90    258
307    132    131    129
334    135    38    133
334    135    335    37
406    123    366    125
276    274    137    335
132    24    307    333
318    380    124    317
409    215    90    213
393    287    286    119
333    173    24    171
298    260    409    89
284    246    243    244
397    61    245    247
301    345    300    306
284    244    283    246
389    157    343    397
322    131    133    39
307    130    23    24
315    113    111    114
164    163    166    338
279    265    71    70
89    215    90    409
298    217    89    215
202    199    201    283
319    320    318    342
306    129    40    41
22    308    128    23
307    172    171    169
217    298    337    299
374    198    48    47
400    120    18    19
352    151    154    153
374    200    344    198
362    241    244    243
375    343    243    362
306    127    129    41
306    128    130    127
344    282    283    200
126    366    380    124
349    152    149    150
341    318    317    164
89    258    260    409
406    125    42    43
367    125    127    42
340    255    66    65
349    382    149    151
360    191    236    326
301    345    364    258
302    296    291    172
317    20    122    19
333    25    132    24
333    24    173    25
333    291    171    307
313    43    44    123
338    164    64    65
343    155    156    158
314    121    44    45
400    19    122    120
344    200    197    198
313    123    44    121
356    328    108    110
340    65    253    255
326    193    360    191
277    221    280    223
304    165    166    168
286    122    119    120
97    244    201    199
354    57    237    239
242    344    199    98
389    17    18    118
394    116    17    118
339    256    255    253
345    66    168    255