1505    1118    1503    2311    2309    2310
725    722    921    2359    2357    2358
825    823    826    2396    2365    2397
1118    1117    1502    2594    2592    2593
1515    1096    1514    2305    2697    2698
1489    826    827    2731    2617    2730
1501    817    818    2825    2823    2824
817    813    818    2376    2847    2823
827    821    824    2860    2770    2539
1464    711    712    3074    3072    3073
814    813    817    3093    2376    2665
714    712    715    3144    3142    3143
1057    1056    1060    2806    3176    2895
834    828    832    3259    2568    2952
834    717    828    3264    3263    3259
723    717    721    3268    3267    3024
1139    723    724    3331    3026    3330
1127    732    733    3361    3359    3360
1485    1127    1483    3436    3434    3435
1472    1139    1473    3284    3472    3473
1471    724    725    3549    3345    3548
1127    733    1483    3360    3657    3434
828    717    723    3263    3268    3463
1473    1139    1471    3472    3743    3744
1139    724    1471    3330    3549    3743
826    822    827    2364    3774    2617
1483    733    734    3657    3799    3905
720    719    725    3995    2873    3018
810    735    741    4084    3574    3824
1132    1129    1131    4087    4085    4086
1082    806    1079    2994    4102    4103
1475    924    1473    4141    4139    4140
1477    835    836    4212    3946    4211
1075    1074    1493    4123    3723    4254
1458    841    1185    4275    4274    4208
729    728    734    3734    3446    4309
807    805    808    4325    4323    4324
806    803    1079    4365    4364    4102
1071    1070    1487    4392    3877    4391
1473    924    1472    4139    3886    3473
1497    1113    1496    4453    4451    4452
809    803    806    4472    4365    3511
721    717    1182    3267    4476    3430
833    830    912    2745    4283    4500
1132    735    736    4530    4529    3554
921    722    918    2357    4533    4534
841    624    837    4667    4665    4666
1079    804    1506    4675    4009    4674
1459    715    716    4682    4435    4478
1183    714    715    4704    3143    4680
716    713    943    4091    4743    4744
1185    1183    1460    4955    4954    4789
1184    717    718    5022    5021    4438
1459    716    943    4478    4744    2941
1461    1183    1459    5092    4945    5095
1065    1064    1071    5199    5198    4631
708    624    709    5231    4761    5230
1121    807    808    5238    4324    4937
807    801    805    5251    5250    4325
1460    1183    1461    4954    5092    5268
926    925    1475    5296    4991    4815
1182    717    1184    4476    5022    2577
713    710    940    4280    5353    5354
943    713    940    4743    5354    5382
1462    1458    1460    4751    5407    4164
837    624    708    4665    5231    3749
736    735    816    4529    5614    5615
1066    731    1063    3469    5415    5697
1497    1123    1495    5455    5744    5566
1098    1097    1517    5747    5746    5150
1072    1062    1492    5774    5404    5175
745    744    807    5800    5790    5525
1123    742    1495    5247    5830    5744
1096    1095    1514    5288    5852    2697
940    711    1464    5861    3074    5764
738    737    743    4479    5960    4806
807    744    801    5790    5963    5251
1072    1061    1062    5495    6024    5774
1116    1106    1504    6031    5530    5503
1495    742    743    5830    4807    6077
930    929    1481    5628    5607    6099
795    794    800    6140    6138    6139
751    747    752    6145    6144    3793
918    719    720    4624    3995    3906
835    831    836    2961    2582    3946
754    753    798    6278    6276    6277
1495    743    1110    6077    6282    6283
1164    699    1166    6326    6324    6325
948    947    1463    6363    6306    5918
1110    740    1107    6377    6376    6107
1190    624    843    6397    5066    6396
1115    1114    1499    6246    6241    6483
1190    843    1465    6396    6640    6641
861    797    858    6687    6685    6686
861    857    860    6694    6693    6460
705    699    703    5564    6697    6698
1090    1089    1510    6677    6023    6714
707    701    704    6743    6742    5571
801    750    802    6750    6751    6019
1506    1137    1508    6755    6754    6079
1514    1121    1515    6070    5243    2698
1447    706    707    6793    6574    6792
937    842    934    6842    6635    6841
800    794    797    6138    6848    6740
1467    1190    1465    6851    6641    6850
709    705    1188    6322    6864    6797
702    701    707    6959    6743    6958
630    623    628    7011    7010    5888
1466    1187    1190    6587    7048    7049
1449    1188    1447    7232    7004    7170
748    747    751    4825    6145    7298
1133    798    799    7415    6888    7201
1135    750    751    7419    7417    7418
949    939    1468    7283    6987    7492
1192    1188    1191    7452    7542    5983
1085    747    1512    7615    7614    6065
703    699    1164    6697    6326    7645
1411    698    987    7649    7096    7648
898    897    904    7499    7721    7501
844    842    937    6352    6842    7514
743    737    740    5960    6631    6753
1015    1014    1529    7823    7822    7366
1509    1135    1507    7862    7860    7861
1135    751    1507    7418    7870    7860
798    753    792    6276    7937    7938
1512    747    748    7614    4825    7020
1190    1187    1189    7048    6091    7967
679    675    680    7976    7974    7975
904    903    1451    8094    8093    7699
1537    791    1038    8167    7319    8166
1167    634    1168    8316    8314    8315
1523    1008    1521    8342    8341    8194
627    626    632    8042    8386    8179
763    762    789    7138    8391    8392
1093    1092    1511    7988    7941    8402
893    626    890    8573    8285    8572
1136    753    754    7006    6278    7660
1168    630    1163    8356    8576    8577
1411    697    698    8583    6542    7649
1013    1012    1526    8636    8635    8229
796    792    1152    8282    8642    7755
987    983    986    8752    8751    8549
792    759    793    8755    8754    8644
629    626    893    8775    8573    8454
1165    696    697    8799    8798    8581
793    759    763    8754    8804    8038
792    753    759    7937    8253    8755
1537    790    791    8888    8171    8167
890    626    627    8285    8042    8695
1413    1165    1411    8986    8801    8985
793    789    1154    9084    9083    8145
1153    790    1537    9097    8888    9096
900    888    889    9195    7194    8960
1541    1052    1539    9217    9215    9216
1520    1151    1521    9283    9282    8586
1154    789    1153    9083    9343    9098
1539    1153    1537    9359    9096    9207
1524    1134    1526    8668    8301    8913
1166    1163    1164    9402    9401    6325
696    694    697    9428    8782    8798
684    683    689    9462    9460    9461
789    762    783    8391    9254    9504
689    683    686    9460    9456    9506
1152    1151    1520    9516    9283    7559
1539    1052    1538    9215    9539    9028
1441    689    965    9601    9599    9600
1156    762    763    9695    7138    9694
766    762    1155    8357    9711    9712
1168    1165    1167    9242    9727    8315
1054    1053    1541    9800    9799    9312
1521    1151    1519    9282    9843    9844
789    783    787    9504    9857    9858
694    690    1173    9866    9864    9865
1173    690    1174    9864    9873    9874
992    991    1415    9897    9896    9422
1151    760    1519    9566    10034    9843
787    783    1149    9857    9946    10142
783    762    768    9254    10188    10189
1011    1000    1001    10200    10280    10281
993    983    1420    10103    10096    10311
965    686    962    10356    10354    10355
1010    1009    1523    10196    10202    10402
643    639    1172    10544    10542    10543
1441    688    689    10552    10351    9601
686    683    962    9456    10557    10354
1155    762    1156    9711    9695    9158
962    683    684    10557    9462    4696
981    635    978    10729    10728    10709
1171    639    640    10748    10546    10747
1169    688    1441    10554    10552    10757
1169    687    688    10759    10758    10554
761    758    1005    10791    10487    10790
687    685    688    10590    10817    10758
1172    1169    1170    10879    10878    10786
784    768    772    10461    10344    10854
1417    640    641    10919    10745    10918
1171    640    1417    10747    10919    10922
1443    1169    1441    10932    10757    10931
770    764    767    11006    11004    11005
1150    1147    1149    11011    11010    10177
1519    761    1005    10246    10790    11049
1419    1171    1417    9583    10922    11115
772    768    1147    10344    11219    11220
1535    1047    1533    11230    11228    11229
956    644    645    11237    10438    11236
1145    780    781    11249    9406    11052
1544    1145    1542    11250    11051    11247
685    684    688    10167    11255    10817
1429    680    877    11332    11330    11331
1174    1171    1173    11354    11137    9874
1025    1024    1027    11368    10964    11367
1533    1047    1532    11228    11423    11196
1421    995    1419    9153    11395    11506
1041    764    765    11520    11512    11224
970    969    1445    11537    11534    11154
1549    1025    1547    11543    11371    11542
1533    1147    1531    11195    11560    11561
1170    1169    1442    10878    11571    11572
1147    769    1531    11221    11575    11560
647    644    956    9883    11237    11600
1531    770    1044    11614    11612    11613
765    764    770    11512    11006    11699
971    961    1426    11710    11346    11709
1442    1169    1443    11571    10932    11700
1049    1048    1535    11943    11948    12075
645    644    650    10438    12090    11792
650    644    647    12090    9883    12125
1030    1029    1543    12247    12246    11954
1429    679    680    12317    7975    11332
776    773    1552    11499    12432    12433
652    648    1178    11767    12476    12293
1175    679    1429    12336    12317    12478
1175    678    679    12501    12500    12336
1928    1030    1031    12532    12242    12213
1427    973    1425    9982    12459    12597
966    954    955    12632    12593    12631
1423    649    650    12654    11793    12653
1178    648    1177    12476    12659    11430
1431    1175    1429    12661    12478    11986
1026    1019    1020    12226    12726    12533
874    675    1434    12786    12785    9742
802    754    798    12826    6277    7197
1177    649    1423    12660    12654    12829
883    872    873    12879    12530    12878
1425    1177    1423    12983    12829    12982
1434    675    676    12785    7800    12996
1430    1175    1431    13000    12661    12999
1194    667    670    13042    13041    13036
1021    1016    1029    13052    12801    12749
670    669    1194    13112    13111    13036
1176    1175    1430    13139    13000    13138
1194    669    1196    13111    13194    13195
1017    1016    1021    12034    13052    13248
632    626    629    8386    8775    8988
975    974    1427    13220    9983    13311
1434    1158    1436    13303    13259    13126
1162    657    1157    13449    13547    13548
1435    658    659    13561    5512    13560
1158    1157    1436    13579    13578    13259
1408    853    1407    13583    13581    13582
1406    670    671    13626    13466    12945
665    660    662    13629    13146    13460
864    848    1555    13655    8345    13653
1439    885    1437    9019    13657    13658
1436    1157    1437    13578    13674    13675
862    849    851    13704    4599    4676
1159    669    670    13707    13112    13624
1159    670    1406    13624    13626    13708
1437    1157    1435    13674    13642    13726
1437    885    1436    13657    13750    13675
1408    1159    1406    13806    13708    13764
855    854    1409    13871    13870    13684
1409    853    1408    13964    13583    13488
1161    1159    1407    14058    14000    14057
1561    846    864    14130    14018    14129
887    886    1439    14027    12107    14140
1407    863    1161    14032    14196    14057
767    764    1041    11004    11520    14216
1929    848    850    14173    14285    14286
1559    851    1561    14335    14333    14334
863    862    1559    13316    14365    14366
850    846    1561    14342    14130    14402
851    850    1561    14421    14402    14333
1161    660    661    14442    12492    14441
709    624    625    4761    5068    14414
862    851    1559    4676    14335    14365
1435    659    871    13560    14400    14492
1128    820    1130    14502    2829    2947
829    727    825    14505    2887    2734
820    736    816    2783    5615    2940
1471    725    921    3548    2358    14539
781    780    1193    9406    11357    9093
1131    735    1132    3701    4530    4086
1483    734    1066    3905    3470    4778
804    803    809    14542    4472    5814
740    737    1107    6631    6269    6376
1125    811    1126    3812    4661    14555
715    711    716    5138    4485    4435
718    717    834    5021    3264    14532
1185    838    1186    4179    3690    4787
843    624    841    5066    4667    5265
1126    1123    1125    5456    14587    14555
707    704    899    5571    5075    14593
1499    1113    1497    14597    4453    4709
1107    737    738    6269    4479    14558
1189    708    709    6090    5230    6577
1447    707    899    6792    14593    7253
800    797    861    6740    6687    14601
759    753    757    8253    3337    9132
1508    1135    1509    14617    7862    7214
1521    1008    1520    8341    14624    8586
1507    752    1088    8078    14625    8699
1466    1190    1467    7049    6851    7665
1166    699    700    6324    14630    8363
1526    1133    1527    8300    7416    7944
1154    1151    1152    11293    9516    8146
696    690    694    8491    9866    9428
689    686    965    9506    10356    9599
639    637    640    10041    14638    10546
1174    690    691    9873    8902    10353
1023    774    775    11526    10192    8773
1417    641    981    10918    14645    11778
1018    773    1146    14681    11697    13069
1148    771    772    12190    10681    11413
678    676    679    13412    14684    12500
676    675    679    7800    7976    14684
874    674    675    12171    12444    12786
1552    773    1018    12432    14681    12864
1423    650    959    12653    13323    12936
670    667    671    13041    14704    13466
1561    864    1558    14129    13457    14463
865    864    1555    6834    13653    14086
1470    831    832    3249    2962    2531
662    660    1161    13146    14442    14724
667    666    671    13406    13351    14704
811    741    745    3807    5245    5526
797    794    858    6848    14739    6685
858    794    795    14739    6140    14573
752    746    749    14746    14517    3187
1104    812    1101    14755    14740    2897
815    812    1104    2555    14755    2370
1052    1051    1538    10816    10999    9539
775    774    779    10192    10913    11150
885    884    1436    13671    13390    13750
1096    1515    1517    2305    2306    2307
822    826    823    2364    2365    2366
815    1104    818    2370    2371    2372
832    1140    1470    2529    2530    2531
830    836    831    2581    2582    2583
812    815    818    2555    2372    2585
726    819    825    2623    2392    2624
814    817    816    2665    2666    2667
821    822    1057    2701    2702    2703
825    1142    829    2733    2515    2734
1129    1503    1502    2740    2400    2741
830    833    836    2745    2746    2581
826    1489    1141    2731    2851    2852
825    826    1141    2397    2852    2854
827    1060    1489    2543    2865    2730
828    829    1140    2858    2867    2868
1181    1182    1184    2587    2577    2869
726    825    727    2624    2887    2888
824    1057    1060    2775    2895    2542
810    814    816    2931    2667    2932
816    1130    820    2939    2829    2940
832    835    834    2950    2951    2952
831    835    832    2961    2950    2962
816    817    1129    2666    2936    3085
1068    1484    1069    2925    3208    3209
1067    1486    1068    3232    2923    3233
1100    1498    1111    3243    3244    3245
831    1470    912    3249    3250    3251
1139    1472    1140    3284    3285    3286
1125    1496    1494    3307    3308    3309
726    727    1144    2888    3311    3312
723    1139    727    3331    3332    3333
732    1127    736    3361    3362    2782
1470    1472    1474    3399    3400    3197
1055    1056    1067    2676    3413    3414
721    1182    1476    3430    3431    3432
723    829    828    3462    2858    3463
731    1066    734    3469    3470    3451
1139    1142    1144    3282    3500    3501
799    800    1525    3566    3567    3557
834    1186    838    3689    3690    3257
735    1131    739    3701    3702    3578
739    1131    1500    3702    3707    3708
708    714    837    3747    3748    3749
923    1472    924    3885    3886    3887
814    1125    1494    3921    3309    3369
834    835    1181    2951    3948    3949
1143    1490    1488    4000    4001    4002
813    814    1494    3093    3369    2537
1118    1505    1119    2311    3643    4101
835    1477    1181    4212    4219    3948
1081    1513    1082    4349    4350    4351
714    718    838    3923    4427    4428
729    734    733    4309    3799    3987
728    729    1063    3734    4492    4493
804    808    805    4557    4323    4288
1141    1491    1490    2976    3733    4702
714    1183    718    4704    4681    3923
720    721    1476    2436    3432    4199
729    730    1488    3352    4738    4739
1065    1483    1066    4367    4778    4779
738    743    742    4806    4807    4622
1078    1082    1079    4571    4103    4886
715    1459    1183    4682    4945    4680
840    844    843    4948    4949    4950
1183    1185    1186    4955    4787    4956
710    716    711    4432    4485    5017
657    661    673    3756    3693    5045
833    912    915    4500    4842    4642
1182    1478    1476    2591    5059    3431
1183    1186    1184    4956    5144    4679
837    1185    841    4175    4274    4666
1072    1492    1073    5175    4732    4607
807    1121    1126    5238    4938    4933
741    742    1123    3730    5247    5248
1141    1143    1144    5294    3329    5295
729    1488    1063    4739    5356    4492
1131    1502    1500    4854    4627    3707
1123    1126    1124    5456    5327    5457
745    807    811    5525    4932    5526
744    1124    1122    5720    5721    5722
804    809    808    5814    4663    4557
712    1187    1464    5898    5591    3073
801    802    1137    6019    6020    6021
1121    1514    1122    6070    6071    6072
708    1189    1187    6090    6091    6092
840    843    841    4950    5265    5338
744    745    1124    5800    5568    5720
738    739    1500    4620    3708    6390
624    1190    1192    6397    6398    6163
744    748    750    6468    6469    6470
693    698    697    6541    6542    6543
795    796    1518    6547    6548    6549
1187    1466    1464    6587    6588    5591
839    934    842    6013    6635    6636
843    844    1465    4949    6643    6640
740    1110    743    6377    6282    6753
933    1462    944    6299    6309    6773
796    799    798    6887    6888    6889
860    1525    861    6914    6915    6460
932    933    944    6733    6773    6982
706    1447    1188    6793    7004    6796
753    1136    1134    7006    7007    7008
934    936    937    6840    6007    6841
1109    1495    1110    6674    6283    6739
695    987    698    7088    7096    4042
702    706    703    6111    7084    7102
839    840    934    5347    4880    6013
702    1452    896    7117    7118    7119
1090    1508    1091    6716    7154    6901
788    1038    791    7318    7319    7320
795    800    799    6139    3566    7189
1094    1516    1095    7343    6908    7344
798    1133    1138    7415    7202    7199
750    1135    754    7419    7420    7421
844    937    1465    7514    6644    6643
701    702    896    6959    7119    7031
1122    1514    1512    6071    6974    7639
949    1468    950    7492    7471    7225
1188    1449    1448    7232    7697    7543
796    1152    1518    7755    7556    6548
748    751    750    7298    7417    6469
951    1469    952    7770    7689    7230
1091    1511    1092    7840    7941    7347
633    1167    637    8030    8031    8032
1084    1516    1094    7669    7343    8080
786    791    790    7797    8171    8172
627    632    631    8179    6767    8180
857    1522    1006    7986    8232    8010
792    796    798    8282    6889    7938
1133    1526    1134    8300    8301    8025
630    1168    634    8356    8314    2626
1013    1529    1014    8004    7822    8397
692    695    698    8531    4042    8575
900    1450    901    8605    8174    8606
785    1038    788    8673    7318    8674
693    697    694    6543    8782    8783
631    632    1453    6767    8528    8788
631    1453    1163    8788    8789    8578
696    1165    700    8799    8582    8800
697    1411    1165    8583    8801    8581
639    691    690    8901    8902    8903
632    893    1453    8933    8934    8528
983    987    984    8752    8534    8945
889    1450    900    8569    8605    8960
1037    1537    1038    9058    8166    8442
757    760    759    9130    9131    9132
637    1167    1410    8031    9145    9146
995    1421    996    9153    9154    9155
1167    1412    1410    9200    9201    9145
692    693    984    8979    8914    8731
1165    1168    1166    9242    9243    8580
633    639    690    9396    8903    8490
756    760    757    8588    9130    7771
1165    1413    1412    8986    9480    9481
1011    1528    1012    9530    9046    9531
759    760    1151    9131    9566    9567
645    646    1440    9872    9466    9765
634    696    700    9088    8800    6523
783    784    1149    9944    9945    9946
973    1427    974    9982    9983    9984
785    786    1035    7793    10029    8884
636    637    1410    10071    9146    10141
1052    1541    1053    9217    9799    10163
1173    1418    1416    10256    10257    10258
1153    1539    1538    9359    9028    10296
1410    1412    1414    9201    9670    10334
768    784    783    10461    9944    10189
765    766    1536    8266    10484    10485
642    687    643    10541    9935    10247
1045    1534    1046    10226    10620    10618
777    778    1548    8894    10646    10449
993    1420    994    10311    10697    10698
639    1171    1172    10748    9581    10542
1001    1528    1011    9597    9530    10281
977    1414    988    10753    10720    10754
687    1169    691    10759    10555    10089
681    1180    1179    10780    10781    10782
766    1155    1536    9712    10822    10484
1028    1548    1547    10450    11039    10974
781    1542    1145    10869    11051    11052
775    1193    1195    11069    11070    11071
1147    1533    1532    11195    11196    11012
780    1145    1150    11249    11053    11050
963    970    964    11271    11134    11082
1155    1538    1536    11065    10839    10822
642    643    1170    10247    10784    10777
1147    1150    1148    11011    11392    11393
778    779    1548    11017    11496    10646
677    877    680    11501    11330    10928
684    685    1422    10167    11516    4700
1171    1419    1418    9583    10132    11138
674    677    680    11598    10928    11599
685    1179    1422    11610    11611    11516
1022    1546    1023    11680    11681    11682
771    1146    773    11696    11697    8996
980    1417    981    11775    11778    10897
645    650    649    11792    11793    11794
779    1023    1546    11811    11681    11812
652    678    682    11826    11827    11828
996    1421    997    9154    11862    11484
648    652    682    11767    11828    11897
1025    1549    1026    11543    11933    11934
774    1023    779    11526    11811    10913
1022    1549    1546    11980    11585    11680
971    1426    972    11709    12038    12039
885    1439    886    9019    12107    12108
1145    1543    1146    12119    12120    11969
1179    1424    1422    12165    11908    11611
771    1148    1146    12190    11970    11696
1025    1928    1031    12212    12213    12062
1019    1026    1549    12226    11933    12227
767    1044    770    11785    11612    11005
775    1552    1550    12319    12320    8770
651    652    1176    12467    12290    12468
775    776    1552    11105    12433    12319
678    1175    682    12501    12337    11827
1043    1531    1044    12239    11613    12270
1550    1552    1551    12320    12563    12564
653    654    868    9386    12620    12621
966    1444    967    12445    12315    12636
1016    1017    1029    12034    12438    12801
1020    1030    1928    12881    12532    12535
1019    1022    1553    12279    12927    12928
672    1160    1158    13018    13019    13020
881    1433    882    13023    12695    13024
873    1438    883    13026    13027    12878
1175    1176    1178    13139    12294    12847
998    1406    999    13192    12969    13193
955    1444    966    12138    12445    12631
1021    1553    1551    13250    13251    13252
672    673    1160    13269    13238    13018
1022    1023    1550    11682    8774    12915
647    959    650    7752    13323    12125
666    667    999    13406    13407    12893
655    1176    1428    13343    13082    13300
654    655    1428    13184    13300    13515
1096    1517    1097    2307    5746    6212
1008    1523    1009    8342    10202    9537
657    673    672    5045    13269    13559
1157    1158    1160    13579    13019    13580
998    1554    1557    13500    13595    13596
667    1194    668    13042    13061    13617
658    1435    1157    13561    13642    13549
845    998    1557    13504    13596    13695
669    1159    673    13707    13625    3695
667    1556    1554    13752    13755    13565
662    1560    665    13934    13935    13460
847    1557    848    13782    13981    13982
1159    1161    1162    14058    14059    13897
865    1555    1556    14086    14087    14088
663    1556    668    14096    13888    5554
662    863    1560    14212    14213    13934
664    1194    1196    14224    13195    13838
847    1929    854    14171    14227    14155
664    1558    865    14288    13459    14289
849    862    852    13704    14222    14316
846    850    848    14342    14285    14022
663    664    865    14133    14289    14180
822    1482    1057    14369    2616    2702
851    852    853    14379    14274    14380
664    1560    1558    14370    14062    14288
656    871    659    3677    14400    13297
1558    1560    1559    14062    14403    14404
850    851    853    14421    14380    14376
818    1104    1501    2371    2671    2824
730    1143    1488    14507    4002    4738
720    725    724    3018    3345    2440
829    1142    1140    2515    3287    2867
830    831    912    2583    3251    4283
1127    1485    1484    3436    3046    14526
1140    1472    1470    3285    3399    2530
821    827    822    2860    3774    2701
1056    1486    1067    2921    3232    3413
809    1082    1513    14519    4350    4673
738    1500    1107    6390    4934    14558
911    1474    922    3123    4462    5314
653    656    659    12780    13297    12606
748    1122    1512    6525    7639    7020
1112    1496    1113    4569    4451    4235
1123    1497    1496    5455    4452    14586
1476    1478    1480    5059    5896    4772
942    1459    943    5667    2941    5916
914    1477    915    5597    4927    5131
800    861    1525    14601    6915    3567
898    1447    899    7460    7253    6810
920    1471    921    4546    14539    4812
702    707    706    6958    6574    6111
1135    1508    1137    14617    6754    14618
1135    1137    1138    14618    12770    14611
1164    1454    1452    8795    8547    14620
1007    1520    1008    7878    14624    9296
749    1088    752    8613    14625    3187
785    788    791    8674    7320    7796
1087    1507    1088    7403    8699    8492
636    640    637    14637    14638    10071
708    712    714    3941    3144    3747
853    1409    854    13964    13870    14157
638    981    641    10911    14645    11662
756    1524    1002    6963    9679    14646
763    789    793    8392    9084    8038
755    756    1002    8086    14646    10076
1163    1455    1454    8980    8927    14653
693    694    1416    8783    14657    8915
771    776    1195    11666    11108    11831
694    1173    1416    9865    10258    14657
778    1193    779    9089    10445    11017
639    643    691    10544    10087    8901
636    641    640    14669    10745    14637
635    641    636    14671    14669    9810
1004    1519    1005    10611    11049    10472
681    1179    685    10782    11610    10589
635    638    641    10725    11662    14671
1027    1542    1028    11163    8972    10591
684    689    688    9461    10351    11255
803    804    1079    14542    4675    4364
1177    1425    1424    12983    12463    14690
1030    1545    1031    11784    11739    12242
958    1423    959    13247    12936    8291
660    665    1196    13629    14292    14702
651    657    672    14706    13559    3261
654    659    658    12607    5512    14708
870    1435    871    14056    14492    13810
767    1041    1044    14216    12103    11785
662    1161    863    14724    14196    14212
642    648    681    12001    13372    10756
635    636    978    9810    14659    10728
812    818    813    2585    2847    14729
1103    1501    1104    3082    2671    2801
746    1085    749    8013    8614    14517
674    680    675    11599    7974    12444
1017    1021    1551    13248    13252    12470
660    1196    669    14702    13194    12494
755    761    756    14742    8591    8086
746    752    747    14746    6144    5291
703    1164    1452    7645    14620    8691
924    1475    925    4141    4991    4993
630    700    699    14599    14630    14763
623    630    699    7011    14763    5563
1113    1499    1114    14597    6241    5507
1047    1535    1048    11230    11948    11387
1046    1532    1047    10626    11423    10991
852    1407    853    13748    13581    14274
1482    1056    1057    2805    2806    2616
1486    1482    1484    2808    2687    2810
1486    1056    1482    2921    2805    2808
1486    1484    1068    2810    2925    2923
1104    1101    1103    2897    3037    2801
1505    1501    1103    3078    3082    3081
1101    1100    1103    3181    3182    3037
1505    1503    1501    2310    3084    3078
1120    1505    1103    3238    3081    3240
1493    1491    1489    3291    2978    3293
1101    1494    1100    2538    3390    3181
1120    1103    1102    3240    3212    3404
1056    1055    1059    2676    3415    3178
1485    1069    1484    3443    3208    3046
727    1139    1144    3332    3501    3311
736    1127    1132    3362    3438    3554
1102    1103    1100    3212    3182    3573
1494    1498    1100    3588    3243    3390
1059    1055    1058    3415    3620    3618
1069    1074    1068    3623    3624    3209
1075    1067    1068    3632    3233    3634
1485    1487    1069    3662    3663    3443
1489    1059    1493    3705    3706    3293
1493    1074    1491    3723    3724    3291
1074    1490    1491    3732    3733    3724
1099    1102    1100    3817    3573    3819
1067    1076    1055    3856    3857    3414
1069    1487    1070    3663    3877    3630
1483    1487    1485    3911    3662    3435
1474    1472    923    3400    3885    3968
1059    1076    1493    3972    3973    3706
1099    1120    1102    4110    3404    3817
1074    1075    1068    4123    3634    3624
1073    1074    1069    4125    3623    4127
1070    1073    1069    4129    4127    3630
1075    1076    1067    4132    3856    3632
1119    1120    1111    3644    4149    4147
1076    1059    1058    3972    3618    4251
1471    1475    1473    4266    4140    3744
1470    911    912    4338    4339    3250
1494    1496    1498    3308    4346    3588
1055    1076    1058    3857    4251    3620
1118    1119    1112    4101    4401    4399
1487    1483    1065    3911    4367    4411
1474    911    1470    3123    4338    3197
1492    1488    1490    4466    4001    4468
1475    1471    920    4266    4546    4544
1498    1496    1112    4346    4569    4568
1120    1099    1111    4110    4099    4149
1070    1072    1073    4606    4607    4129
1119    1111    1112    4147    4580    4401
1502    1504    1500    4626    4629    4627
1071    1487    1065    4391    4411    4631
1183    1184    718    4679    4438    4681
1492    1490    1073    4468    4260    4732
1475    920    926    4544    4817    4815
915    912    911    4842    4339    4846
1081    1517    1513    4856    4857    4349
1071    1072    1070    4889    4606    4392
1504    1502    1117    4626    2592    4902
1118    1113    1117    4904    4905    2594
1113    1118    1112    4904    4399    4235
1479    1477    1481    4447    4971    4969
929    923    924    4996    3887    4998
930    922    923    5002    4460    5004
921    918    917    4534    5089    5087
926    920    919    4817    5097    5104
911    914    915    5128    5131    4846
1517    1081    1098    4856    4858    5150
1515    1513    1517    5157    4857    2306
925    928    924    5302    5303    4993
1488    1492    1062    4466    5404    5402
920    921    917    4812    5087    5411
911    910    914    5313    5442    5128
1078    1077    1081    5460    5461    4573
1081    1077    1080    5461    5473    4868
1079    1506    1078    4674    5490    4886
1072    1071    1061    4889    5497    5495
1114    1117    1113    5505    4905    5507
1500    1504    1106    4629    5530    5528
745    1123    1124    5249    5457    5568
1477    914    1481    5597    5598    4971
929    1479    1481    5605    4969    5607
1479    929    1478    5605    5613    5611
929    930    923    5628    5004    4996
928    929    924    5630    4998    5303
930    931    922    5635    5636    5002
1463    1459    942    5663    5667    5665
917    918    1476    5089    4200    5695
913    914    910    5737    5442    5739
1077    1098    1080    5752    5154    5473
1078    1506    1510    5490    5773    5771
1071    1064    1061    5198    5779    5497
1114    1116    1117    5789    5501    5505
1107    1500    1106    4934    5528    5801
1459    1463    1461    5663    5833    5095
1461    946    1460    5838    5839    5268
1462    1460    945    4164    5842    5840
914    931    1481    5847    5848    5598
925    926    927    5296    5871    5869
928    925    927    5302    5869    5874
922    931    910    5636    5881    5311
926    919    916    5104    5887    5885
1478    928    1480    5895    5897    5896
1463    942    948    5665    5920    5918
943    940    939    5382    5928    5926
1066    1063    1062    5697    5687    5943
916    920    917    5944    5411    5675
917    1476    1480    5695    4772    5951
919    920    916    5097    5944    5887
1078    1089    1077    5985    5986    5460
1510    1089    1078    6023    5985    5771
1065    1061    1064    6060    5779    5199
1065    1066    1062    4779    5943    6063
1461    1463    946    5833    6093    5838
946    945    1460    6095    5842    5839
931    914    913    5847    5737    6097
942    943    939    5916    5926    6160
1495    1499    1497    6195    4709    5566
1097    1098    1089    5747    6205    6203
1098    1077    1089    5752    5986    6205
1114    1115    1116    6246    6247    5789
1061    1065    1062    6060    6063    6024
933    1458    1462    6297    4751    6299
946    1463    947    6093    6306    6305
927    926    916    5871    5885    6337
931    913    910    6097    5739    5881
933    934    1458    6382    4885    6297
1097    1090    1096    6442    6443    6212
1506    1508    1510    6079    6480    5773
1116    1115    1105    6247    6488    6235
1109    1106    1105    6503    6237    6505
1110    1107    1106    6107    5801    6507
939    940    1464    5928    5764    6604
938    942    939    6628    6160    6630
1499    1495    1109    6195    6674    6672
1090    1097    1089    6442    6203    6677
1508    1090    1510    6716    6714    6480
1108    1109    1105    6728    6505    6730
1109    1110    1106    6739    6507    6503
947    950    946    6779    6780    6305
944    945    952    6307    6783    6781
946    951    945    6786    6787    6095
1189    709    1188    6577    6797    6795
942    938    941    6628    6823    6357
948    941    938    6617    6823    6825
948    949    947    6830    6831    6363
934    933    936    6382    6844    6840
1499    1109    1115    6672    6894    6483
1090    1091    1096    6901    6902    6443
1516    1514    1095    6906    5852    6908
1091    1095    1096    6909    5288    6902
1115    1108    1105    6934    6730    6488
1514    1516    1512    6906    6975    6974
1464    1468    939    6983    6987    6604
1115    1109    1108    6894    6728    6934
1529    1525    860    7131    6914    7133
933    932    935    6733    7221    7219
950    951    946    7223    6786    6780
949    950    947    7225    6779    6831
952    953    944    7227    7228    6781
951    952    945    7230    6783    6787
1466    1468    1464    7252    6983    6588
899    896    895    6807    7261    7259
898    899    895    6810    7259    7267
949    948    938    6830    6825    7280
936    933    935    6844    7219    7296
1469    1467    1465    7299    6850    7301
1091    1092    1095    7347    7348    6909
1529    860    1015    7133    7368    7366
857    856    860    7373    7374    6693
856    859    860    7377    6928    7374
953    932    944    7429    6982    7228
1451    1447    898    7457    7460    7459
1468    1466    950    7252    7473    7471
1092    1094    1095    7587    7344    7348
1527    1525    1529    3569    7131    7606
857    858    1518    6919    6650    7607
1508    1509    1091    7214    7628    7154
1135    1136    754    7659    7660    7420
1516    1084    1512    7669    7670    6975
1447    1451    1449    7457    7696    7170
1451    898    904    7459    7501    7699
1452    895    896    7709    7261    7118
894    898    895    7717    7267    7719
936    1469    1465    7760    7301    7762
951    1467    1469    7768    7299    7770
1467    951    1466    7768    7684    7665
859    856    1015    7377    7821    7603
1509    1511    1091    7839    7840    7628
1084    1085    1512    7871    6065    7670
953    935    932    7883    7221    7429
895    1452    1456    7709    7903    7901
897    898    894    7499    7717    7914
936    953    1469    7953    7690    7760
1449    902    1448    7958    7959    7697
1518    1522    857    7983    7986    7607
1092    1093    1094    7988    7989    7587
1013    1527    1529    8002    7606    8004
1449    1451    902    7696    8091    7958
904    897    894    7721    7914    8129
935    953    936    7883    7953    7296
1450    1448    901    7476    8176    8174
1094    1093    1083    7989    8212    7993
856    1006    1015    8008    8220    7821
1014    1015    1006    7823    8220    8225
1527    1013    1526    8002    8229    7944
1507    1511    1509    8237    7839    7861
1088    1085    1084    8294    7871    8296
902    1451    903    8091    8093    8306
890    1446    889    8350    8354    8352
1448    902    901    7959    8378    8176
1522    1518    1520    7983    7560    8428
1087    1088    1084    8492    8296    8494
904    905    903    8518    8519    8094
1454    1456    1452    8545    7903    8547
905    904    894    8518    8129    8122
889    1446    1450    8354    7969    8569
1165    1166    700    8580    8363    8582
1093    1086    1083    8617    8621    8212
1087    1084    1083    8494    8216    8622
1007    1014    1006    8631    8225    8633
1520    1007    1522    7878    8640    8428
1511    1507    1087    8237    7403    8657
1454    906    1456    8750    8746    8545
903    906    902    8810    8811    8306
902    907    901    8815    8816    8378
1511    1087    1093    8657    8833    8402
1086    1087    1083    8837    8622    8621
1007    1013    1014    8842    8397    8631
1037    1038    1035    8442    8676    8871
1528    1524    1526    8910    8913    8912
903    905    906    8519    8744    8810
892    890    889    8735    8352    8940
986    1411    987    8948    7648    8549
900    901    908    8606    9014    9012
1093    1087    1086    8833    8837    8617
1528    1526    1012    8912    8635    9046
1012    1013    1008    8636    9053    9051
1541    1537    1037    9060    9058    9062
1037    1035    1034    8871    9072    9065
1415    1411    986    9174    8948    9176
892    889    891    8940    9189    9187
889    888    891    7194    9193    9189
906    907    902    9166    8815    8811
907    908    901    9268    9014    8816
1008    1013    1007    9053    8842    9296
1541    1037    1054    9062    9314    9312
1054    1037    1036    9314    8866    9316
1036    1037    1034    8866    9065    9322
986    983    982    8751    9421    9419
1415    986    992    9176    9172    9422
985    986    982    8953    9419    9435
1455    1453    1457    8982    9474    9472
1411    1415    1413    9174    9484    8985
908    909    900    9513    9514    9012
1009    1012    1008    9535    9051    9537
1537    1541    1539    9060    9216    9207
1036    1034    1033    9322    9549    9547
1035    1530    1034    9556    9557    9072
1001    1524    1528    9595    8910    9597
1454    1455    907    8927    9626    9168
909    888    900    9659    9195    9514
1009    1011    1012    9790    9531    9535
1034    1530    1534    9557    9818    9816
763    1151    1156    9568    9832    9694
984    1416    983    7790    9887    8945
1455    1457    907    9472    9751    9626
992    985    982    9171    9435    9901
888    909    891    9659    9914    9193
892    1457    1453    9927    9474    9928
1413    990    1412    9949    9950    9480
1413    1415    990    9484    9951    9949
1054    1036    1033    9316    9547    10007
1416    1420    983    10095    10096    9887
909    892    891    10113    9187    9914
892    909    1457    10113    9968    9927
1415    991    990    9896    10146    9951
1009    1010    1011    10196    10197    9790
1519    1523    1521    10209    8194    9844
1053    1054    1045    9800    10219    10217
1005    1002    1001    10286    10080    10288
992    993    991    10317    10318    9897
993    992    982    10317    9901    10100
977    978    1410    10324    9369    10326
1414    1412    989    9670    10343    10341
1010    1000    1011    10401    10200    10197
1054    1033    1045    10007    10010    10219
1534    1530    1532    9818    10422    10420
1004    1005    1001    10472    10288    10471
1412    990    989    9950    10548    10343
1169    1174    691    10553    10353    10555
1523    1519    1004    10209    10611    10609
1053    1046    1052    10613    10614    10163
1053    1045    1046    10217    10618    10613
1046    1534    1532    10620    10420    10626
1000    1004    1001    10669    10471    10280
1418    1420    1416    10688    10095    10257
993    994    991    10698    10702    10318
977    981    978    10708    10709    10324
991    994    990    10702    10760    10146
965    962    961    10355    10765    10763
964    1441    965    10789    9600    10690
1010    1003    1000    10797    10803    10401
1523    1004    1010    10609    10805    10402
1538    1540    1536    10837    10841    10839
1003    1004    1000    10871    10669    10803
994    1420    1418    10697    10688    10884
981    977    980    10708    10894    10897
990    995    989    10924    10925    10548
964    965    961    10690    10763    10941
1445    1441    964    10958    10789    10962
1010    1004    1003    10805    10871    10797
1046    1047    1052    10991    10992    10614
1538    1051    1540    10999    11000    10837
1051    1052    1047    10816    10992    11001
980    977    976    10894    10900    11088
996    988    989    11094    10718    11096
994    995    990    11127    10924    10760
961    962    1422    10765    4701    11132
1441    1445    1443    10958    11149    10931
970    1445    964    11154    10962    11134
1024    1032    1027    11157    11158    10964
1545    1542    1027    11160    11163    11162
980    976    979    11088    11277    11276
976    988    997    10898    11281    11279
995    996    989    9155    11096    10925
1426    961    1422    11346    11132    11348
960    964    961    11349    10941    11351
1545    1027    1032    11162    11158    11366
1048    1051    1047    11385    11001    11387
1542    1545    1544    11160    11401    11247
772    1147    1148    11220    11393    11413
1548    1546    1547    11426    11427    11039
964    960    963    11349    11461    11082
996    997    988    11484    11281    11094
1417    1421    1419    11505    11506    11115
1443    1445    968    11149    11533    11531
1051    1048    1050    11385    11555    11382
1041    1536    1040    10539    11583    11582
1547    1546    1549    11427    11585    11542
960    970    963    11637    11271    11461
997    979    976    11651    11277    11279
1443    968    1442    11531    11706    11700
968    1445    969    11533    11534    11731
1030    1544    1545    11782    11401    11784
980    979    997    11276    11651    11846
1421    1417    980    11505    11775    11857
1426    1422    1424    11348    11908    11907
970    971    969    11919    11920    11537
1048    1049    1050    11943    11944    11555
1531    1535    1533    11946    11229    11561
1030    1543    1544    11954    11955    11782
971    970    960    11919    11637    11715
1421    980    997    11857    11846    11862
955    956    1440    12005    9921    12007
1426    1424    972    11907    12046    12038
1050    1049    1039    11944    12070    11936
1039    1043    1040    12098    12099    11926
1044    1041    1040    12103    11582    12105
1444    955    1440    12138    12007    12002
1444    1440    1442    12002    10716    12142
968    967    1442    12186    12189    11706
969    972    968    12209    12210    11731
971    972    969    12039    12209    11920
1410    1414    977    10334    10753    10326
1535    1531    1043    11946    12239    12237
1042    1043    1039    12267    12098    12269
1043    1044    1040    12270    12105    12099
955    959    956    12303    9347    12005
1444    1442    967    12142    12189    12315
877    874    873    12023    12323    12321
1175    1180    682    12335    12184    12337
876    877    873    11327    12321    12345
876    1429    877    12347    11331    11327
1049    1042    1039    12374    12269    12070
1535    1043    1049    12237    12379    12075
1017    1543    1029    12436    12246    12438
958    959    955    8291    12303    12449
973    967    968    12506    12186    12508
1433    1429    876    12509    12347    12511
876    872    875    12527    12528    12200
872    876    873    12527    12345    12530
972    973    968    12513    12508    12210
1049    1043    1042    12379    12267    12374
954    958    955    12640    12449    12593
874    1434    873    9742    12673    12323
1433    876    882    12511    12485    12695
957    958    954    12819    12640    12822
1429    1433    1431    12509    12848    11986
973    974    967    9984    12869    12506
875    872    882    12528    12872    12488
975    954    966    12948    12632    12950
967    974    966    12869    12955    12636
1431    1433    880    12848    13142    13140
1423    1427    1425    13176    12597    12982
883    882    872    13177    12872    12879
975    957    954    13218    12822    12948
974    975    966    13220    12950    12955
975    958    957    13229    12819    13218
1427    1423    958    13176    13247    13246
1431    880    1430    13140    13270    12999
1433    881    880    13023    13272    13142
1434    1436    1438    13126    13279    12854
1434    1438    873    12854    13026    12673
883    881    882    13308    13024    13177
1427    958    975    13246    13229    13311
1436    884    1438    13390    13388    13279
867    868    1428    13434    13438    13436
879    1432    1430    13451    12774    13453
881    883    884    13308    13418    13522
1432    867    1428    13528    13436    12771
879    1430    880    13453    13270    13550
881    884    880    13522    13568    13272
1409    1406    998    13589    13192    13591
1159    1160    673    13623    13238    13625
998    855    1409    13683    13684    13591
845    855    998    13686    13683    13504
867    871    868    13713    13714    13434
885    879    880    13756    13550    13758
884    885    880    13671    13758    13568
1409    1408    1406    13488    13764    13589
1557    1554    1555    13595    13777    13775
870    871    867    13810    13713    13723
870    867    866    13723    13794    13813
886    878    879    13824    13643    13826
869    870    866    13905    13813    13907
1435    1439    1437    13914    13658    13726
885    886    879    12108    13826    13756
847    855    845    13970    13686    13780
878    887    866    14007    14008    13811
886    887    878    14027    14007    13824
1439    1435    870    13914    14056    14054
1439    870    887    14054    14142    14140
887    869    866    14159    13907    14008
862    1407    852    14031    13748    14222
1063    1488    1062    5356    5402    5687
1002    1524    1001    9679    9595    10080
1536    1540    1040    10841    11579    11583
1556    1555    1554    14087    13777    13755
823    1128    1482    2319    2320    2315
819    823    825    2395    2396    2392
819    1128    823    2435    2319    2395
720    724    721    2440    2441    2436
813    1494    1101    2537    2538    2533
824    1060    827    2542    2543    2539
1181    1478    1182    2590    2591    2587
821    1057    824    2703    2775    2770
732    736    820    2782    2783    2778
1128    1484    1482    2800    2687    2320
825    1141    1142    2854    2853    2733
719    722    725    2877    2359    2873
817    1501    1129    2825    2938    2936
1127    1128    1130    2946    2947    2944
1141    1489    1491    2851    2978    2976
721    724    723    2441    3026    3024
1129    1501    1503    2938    3084    2740
816    1129    1130    3085    2937    2939
655    658    657    3174    3175    3014
1139    1140    1142    3286    3287    3282
726    1144    1143    3312    3329    3327
1056    1059    1060    3178    3375    3176
728    731    734    3450    3451    3446
735    739    741    3578    3579    3574
1119    1505    1120    3643    3238    3644
661    669    673    3517    3695    3693
739    742    741    3729    3730    3579
810    811    1125    2972    3812    3810
741    811    810    3807    2972    3824
834    1181    1186    3949    3950    3689
1099    1100    1111    3819    3245    4099
837    838    1185    4178    4179    4175
720    1476    918    4199    4200    3906
1075    1493    1076    4254    3973    4132
1073    1490    1074    4260    3732    4125
804    805    1506    4288    4289    4009
710    713    716    4280    4091    4432
1181    1477    1479    4219    4447    4445
922    1474    923    4462    3968    4460
1078    1081    1082    4573    4351    4571
1111    1498    1112    3244    4568    4580
738    742    739    4622    3729    4620
719    918    722    4624    4533    2877
833    915    836    4642    4643    2746
808    809    1513    4663    4673    4671
684    1422    962    4700    4701    4696
840    1458    934    4884    4885    4880
836    915    1477    4643    4927    4211
807    1126    811    4933    4661    4932
808    1513    1121    4671    4939    4937
711    715    712    5138    3142    3072
1080    1098    1081    5154    4858    4868
1121    1513    1515    4939    5157    5243
741    1123    745    5248    5249    5245
1141    1490    1143    4702    4000    5294
910    911    922    5313    5314    5311
628    1191    1446    5335    5336    5331
839    844    840    5349    4948    5347
728    1063    731    4493    5415    3450
1116    1504    1117    5503    4902    5501
623    699    705    5563    5564    5559
840    841    1458    5338    4275    4884
628    631    630    5892    5893    5888
625    1192    1191    5982    5983    5979
1121    1122    1124    6072    5721    6075
930    1481    931    6099    5848    5635
928    1478    929    5895    5613    5630
710    711    940    5017    5861    5353
708    1187    712    6092    5898    3941
624    1192    625    6163    5982    5068
1105    1106    1116    6237    6031    6235
944    1462    945    6309    5840    6307
927    1480    928    6342    5897    5874
916    917    927    5675    6413    6337
917    1480    927    5951    6342    6413
1121    1124    1126    6075    5327    4938
744    1122    748    5722    6525    6468
744    750    801    6470    6750    5963
704    896    899    6806    6807    5075
705    706    1188    4988    6796    6864
857    861    858    6694    6686    6919
805    1137    1506    7013    6755    4289
701    896    704    7031    6806    6742
703    706    705    7084    4988    6698
1129    1132    1130    4087    7101    2937
798    1138    802    7199    7200    7197
799    1525    1133    3557    7203    7201
938    939    949    6630    7283    7280
839    842    844    6636    6352    5349
1133    1525    1527    7203    3569    7416
1188    1192    1189    7452    7453    6795
1188    1448    1191    7543    7544    7542
1152    1520    1518    7559    7560    7556
950    1466    951    7473    7684    7223
952    1469    953    7689    7690    7227
1133    1136    1138    7780    7781    7202
785    791    786    7796    7797    7793
795    799    796    7189    6887    6547
1191    1448    1446    7544    7895    5336
1446    1448    1450    7895    7476    7969
856    857    1006    7373    8010    8008
746    747    1085    5291    7615    8013
1133    1134    1136    8025    7007    7780
751    752    1507    3793    8078    7870
894    895    905    7719    8124    8122
793    1154    1152    8145    8146    8142
1083    1084    1094    8216    8080    7993
765    769    766    8270    8271    8266
895    1456    905    7901    8321    8124
633    690    696    8490    8491    8487
695    984    987    8533    8534    7088
630    631    1163    5893    8578    8576
756    761    760    8591    8592    8588
749    1085    1088    8614    8294    8613
792    793    1152    8644    8142    8642
1006    1522    1007    8232    8640    8633
757    1134    1524    8250    8668    8667
702    703    1452    7102    8691    7117
627    1446    890    8696    8350    8695
692    984    695    8731    8533    8531
905    1456    906    8321    8746    8744
775    1550    1023    8770    8774    8773
627    628    1446    6745    5331    8696
785    1035    1038    8884    8676    8673
777    782    778    8896    8897    8894
693    1416    984    8915    7790    8914
890    892    893    8735    8965    8572
633    634    1167    6315    8316    8030
782    1028    1542    8971    8972    8967
1163    1453    1455    8789    8982    8980
629    893    632    8454    8933    8988
633    696    634    8487    9088    6315
778    781    1193    9092    9093    9089
692    698    693    8575    6541    8979
906    1454    907    8750    9168    9166
985    992    986    9171    9172    8953
789    790    1153    9085    9097    9343
646    1170    1440    9470    9471    9466
766    769    768    8271    9522    9520
759    1151    763    9567    9568    8804
786    790    787    8172    9585    9372
1165    1412    1167    9481    9200    9727
907    1457    908    9751    9752    9268
908    1457    909    9752    9968    9513
1033    1034    1045    9549    10014    10010
786    787    1530    9372    10032    10030
786    1530    1035    10030    9556    10029
643    687    691    9935    10089    10087
982    983    993    9421    10103    10100
633    637    639    8032    10041    9396
777    1028    782    9823    8971    8896
1034    1534    1045    9816    10226    10014
760    761    1519    8592    10246    10034
787    790    789    9585    9085    9858
755    1002    758    10076    10302    10085
777    1548    1028    10449    10450    9823
758    1002    1005    10302    10286    10487
681    685    687    10589    10590    10587
771    780    772    10683    10677    10681
988    1414    989    10720    10341    10718
1149    1532    1530    10173    10422    10730
642    681    687    10756    10587    10541
642    1170    646    10777    9470    10775
643    1172    1170    10543    10786    10784
772    780    784    10677    10855    10854
781    782    1542    8422    8967    10869
976    977    988    10900    10754    10898
635    981    638    10729    10911    10725
1027    1028    1547    10591    10974    10972
1147    1532    1149    11012    10173    11010
1153    1156    1154    11014    11015    9098
780    1150    784    11050    9774    10855
1153    1538    1155    10296    11065    11064
775    1195    776    11071    11108    11105
1171    1418    1173    11138    10256    11137
775    779    1193    11150    10445    11069
768    769    1147    9522    11221    11219
765    1536    1041    10485    10539    11224
1151    1154    1156    11293    11015    9832
778    782    781    8897    8422    9092
780    1195    1193    11359    11070    11357
1025    1027    1547    11367    10972    11371
1050    1540    1051    11384    11000    11382
995    1418    1419    11397    10132    11395
645    1440    956    9765    9921    11236
1177    1180    1178    11434    11435    11430
646    649    648    11477    11478    11474
771    773    776    8996    11499    11666
765    770    769    11699    11453    8270
960    961    971    11351    11710    11715
1031    1545    1032    11739    11366    11737
1040    1540    1050    11579    11384    11754
769    770    1531    11453    11614    11575
771    1195    780    11831    11359    10683
1024    1025    1032    11368    11864    11157
1170    1442    1440    11572    10716    9471
1039    1040    1050    11926    11754    11936
1169    1172    1174    10879    11952    10553
1145    1146    1148    11969    11970    11966
642    646    648    10775    11474    12001
677    874    877    12022    12023    11501
1025    1031    1032    12062    11737    11864
674    874    677    12171    12022    11598
1025    1026    1928    11934    12217    12212
1019    1549    1022    12227    11980    12279
652    1178    1176    12293    12294    12290
645    649    646    11794    11477    9872
973    1424    1425    12462    12463    12459
875    882    876    12488    12485    12200
651    672    678    3261    12491    12489
660    669    661    12494    3517    12492
1020    1928    1026    12535    12217    12533
1017    1018    1543    12576    12577    12436
653    659    654    12606    12607    9386
648    649    1177    11478    12660    12659
1021    1029    1030    12749    12247    12747
802    1138    1137    7200    12770    6020
1428    1430    1432    12773    12774    12771
1175    1178    1180    12847    11435    12335
651    678    652    12489    11826    12467
1018    1551    1552    12865    12563    12864
1020    1021    1030    12887    12747    12881
671    999    1406    12968    12969    12945
972    1424    973    12046    12462    12513
1022    1550    1553    12915    13076    12927
672    1158    676    13020    13134    13132
1176    1430    1428    13138    12773    13082
676    1158    1434    13134    13303    12996
1550    1551    1553    12564    13251    13076
651    1176    655    12468    13343    13342
648    682    681    11897    13374    13372
672    676    678    13132    13412    12491
883    1438    884    13027    13388    13418
657    1162    661    13449    13450    3756
864    865    1558    6834    13459    13457
998    999    1554    13193    13502    13500
657    658    1157    3175    13549    13547
667    1554    999    13565    13502    13407
878    1432    879    13645    13451    13643
867    1432    878    13528    13645    13719
1157    1160    1162    13580    13766    13548
845    1557    847    13695    13782    13780
866    867    878    13794    13719    13811
667    668    1556    13617    13888    13752
1159    1162    1160    13897    13766    13623
1159    1408    1407    13806    13582    14000
846    848    864    14022    13655    14018
862    863    1407    13316    14032    14031
726    732    819    14072    14073    2623
847    854    855    14155    13871    13970
869    887    870    14159    14142    13905
847    848    1929    13982    14173    14171
663    865    1556    14180    14088    14096
664    668    1194    14225    13061    14224
853    854    1929    14157    14227    14264
664    1196    665    13838    14292    14290
664    665    1560    14290    13935    14370
850    853    1929    14376    14264    14286
625    705    709    14394    6322    14414
822    823    1482    2366    2315    14369
849    852    851    14316    14379    4599
1558    1559    1561    14404    14334    14463
732    820    819    2778    14331    14073
661    1162    1161    13450    14059    14441
828    1140    832    2868    2529    2568
1181    1479    1478    4445    5611    2590
723    727    829    3333    14505    3462
819    820    1128    14331    14502    2435
1127    1130    1132    2944    7101    3438
726    1143    730    3327    14507    3506
730    733    732    14515    3359    14513
1118    1502    1503    2593    2400    2309
810    1125    814    3810    3921    2931
806    1082    809    2994    14519    3511
656    868    871    14524    13714    3677
1127    1484    1128    14526    2800    2946
718    834    838    14532    3257    4427
729    733    730    3987    14515    3352
726    730    732    3506    14513    14072
1059    1489    1060    3705    2865    3375
1129    1502    1131    2741    4854    4085
1141    1144    1142    5295    3500    2853
1185    1460    1458    4789    5407    4208
795    1518    858    6549    6650    14573
1123    1496    1125    14586    3307    14587
630    634    700    2626    6523    14599
756    757    1524    7771    8667    6963
623    705    625    5559    14394    6406
1189    1192    1190    7453    6398    7967
1135    1138    1136    14611    7781    7659
936    1465    937    7762    6644    6007
753    1134    757    7008    8250    3337
801    1137    805    6021    7013    5250
627    631    628    8180    5892    6745
1153    1155    1156    11064    9158    11014
1163    1166    1168    9402    9243    8577
1163    1454    1164    14653    8795    9401
1145    1148    1150    11966    11392    11053
892    1453    893    9928    8934    8965
784    1150    1149    9774    10177    9945
636    1410    978    10141    9369    14659
787    1149    1530    10142    10730    10032
762    766    768    8357    9520    10188
1171    1174    1172    11354    11952    9581
681    682    1180    13374    12184    10780
1145    1544    1543    11250    11955    12119
1177    1179    1180    14691    10781    11434
1177    1424    1179    14690    12165    14691
1018    1146    1543    13069    12120    12577
654    1428    868    13515    13438    12620
653    868    656    12621    14524    12780
1017    1551    1018    12470    12865    12576
666    999    671    12893    12968    13351
1020    1553    1021    14683    13250    12887
663    668    664    5554    14225    14133
651    655    657    13342    3014    14706
863    1559    1560    14366    14403    14213
941    948    942    6617    5920    6357
848    1557    1555    13981    13775    8345
735    810    816    4084    2932    5614
714    838    837    4428    4178    3748
812    813    1101    14729    2533    14740
623    625    1191    6406    5979    14744
623    1191    628    14744    5335    7010
755    758    761    10085    10791    14742
1019    1553    1020    12928    14683    12726
654    658    655    14708    3174    13184
859    1015    860    7603    7368    6928
750    754    802    7421    12826    6751
1181    1184    1186    2869    5144    3950
779    1546    1548    11812    11426    11496
994    1418    995    10884    11397    11127
647    956    959    11600    9347    7752